0.3486483975267908
0.3473774535165869
0.34551930874377973
0.3368287268469918
0.4819836552030272
0.3731837476891747
0.3567395523832116
0.3471574336818652
0.35825190932125606
0.34018773345499587
0.31738929274170985
0.33076253559092905
0.3751962757635731
0.30074465610458495
0.31879080809236765
0.38193932359626054
0.3093686674455798
0.3186802176507096
0.36537740773963373
0.34473551658716506
0.3159271375410969
0.372033746692186
0.34209931277987105
0.36104638092341546
0.36627003770433425
0.3452221588422498
0.33901655016881627
0.3597564554844519
0.3248011353753016
0.3502707505000112
0.3502229507654358
0.3298013248290619
0.35837738270449726
0.38133458176683044
0.3504648170243737
0.34327513404392157
0.3360637513662904
0.3220569538432317
0.3627294033797046
0.29509853115934237
0.34550252097657475
0.33519061730190075
0.36431865247790757
0.3599392718237961
0.3721323325753327
0.3240608606937841
0.3402710780872976
0.3652554109280181
0.35678659019984343
0.3629010109534826
0.3602025366213549
0.4018559695506108
0.3375110737233503
0.3400585264181964
0.3569801334266958
0.3795637921072788
0.37568726761263144
0.3368622152100638
0.35901760463191623
0.33003891680295255
0.32218196239063246
0.3589668634106624
0.31931088218443426
0.37073613901555175
0.37887096670069476
0.3470515685674084
0.4844738034519811
0.3887242786352254
0.3351732625465761
0.34524215417629106
0.34521424042022275
0.3543525137222326
0.37447317086074455
0.3050382714323139
0.39476232900006236
0.3380540000421729
0.37567548899180087
0.40208794038084894
0.29714770685834657
0.3459721126501959
0.38226948480686573
0.3933740472026315
0.32508472540903255
0.3475448053265622
0.37011029391103045
0.34708744754700344
0.3451512019139426
0.35973169675718003
0.3198647767953158
0.31974158796532176
0.36027543365805237
0.3530553292527379
0.3277734268380226
0.36789635450489894
0.30149672816754547
0.38661268227378043
0.31528324055575646
0.3739730913781909
0.30455595827119747
0.36032203691680914
