0.8400167107919043
0.8396001264255986
0.8559499318816857
0.8390967868657568
0.8388384178244103
0.8565474488787178
0.8371914107996219
0.8559591381528259
0.8578589718234213
0.8399758882306474
0.841201430462406
0.8384168442983767
0.8399169370082499
0.85473131714379
0.8395769033166157
0.855607744294988
0.8556002884389022
0.8559321771667874
0.8561169908163925
0.8397630836140624
0.8548285273089304
0.856748558350292
0.8386066784407266
0.8571153698079748
0.8393536034107187
0.8729899051638299
0.8570381052675364
0.8548947595067542
0.8554906152696559
0.8561029363746234
0.8568754675937856
0.8561713418923812
0.8556665355060746
0.8565042115367912
0.8950909790640367
0.8385195948677068
0.8552992266518911
0.8397540190030813
0.8567011806977285
0.857995937271433
0.8561740984213342
0.8551050395604474
0.8405264217612345
0.8970008279488578
0.8550637994198463
0.8573855641085498
0.8385675888941293
0.8390032589864557
0.8390050750202583
0.8392310329713354
0.8559489067954076
0.8558746456623103
0.8393938407919262
0.8551099804675237
0.8396381762973849
0.8390793990854205
0.8553784901133485
0.8562474110880168
0.8562400511806288
0.8955533074099082
0.8961019095319148
0.8381714503494627
0.8382543666438348
0.856325879961313
0.8416710182776316
0.8393407483536097
0.8396133860519227
0.8383081004189622
0.8387625021557353
0.8401178719376462
0.8552085576093524
0.8390563608881374
0.8563590620303337
0.8398729558112392
0.8978825277497614
0.8384507353655029
0.8390220562406638
0.8391915383607633
0.8389161917997622
0.8385175195718911
0.8564639460989599
0.8389682903153038
0.8395005121310841
0.839421570903436
0.8549136736784128
0.8383350149282844
0.8376184919752523
0.8578105397121804
0.8545430186055137
0.855945755227495
0.8376225962568193
0.8563606818853118
0.8554558177304956
0.8728087355091085
0.8379844403412344
0.8546729038853602
0.8397777544984889
0.8383524026412157
0.8564044774957936
0.8380463504581737
