0.485233903071135
0.5271621082888116
0.4368679106243044
0.4777146336283446
0.44879384365897157
0.47992549165124954
0.48534064185212167
0.48355029754795475
0.4407275412570965
0.46019172690627563
0.43958833545090076
0.4387959662733356
0.44974468005429186
0.38860038149726706
0.42241703511858164
0.48809498598485745
0.4635601027687362
0.4039233217852844
0.4384015426536433
0.4819352767385939
0.4375047860165205
0.45618169002923725
0.4527653484954308
0.8031668651413998
0.502571867222905
0.445785107227875
0.475151665656305
0.48533866569456524
0.45656457104770504
0.41523107336705684
0.5253254013344169
0.4651275845665238
0.5145452249543493
0.4089021961258147
0.4505877036759567
0.4293932718367304
0.4206483450675105
0.4916570413078396
0.41592412683270225
0.4632312314873753
0.46769702250410955
0.4293134032688166
0.4539189295017035
0.4673909665449429
0.460433795310741
0.41483624025716725
0.4725991682855342
0.5061763973971803
0.46842186756653864
0.4054793746151064
0.4480778057268455
0.4597718898690825
0.4668417065720788
0.47872828045563004
0.7694231575393955
0.4422360893174306
0.43942472149254214
0.41783547667328186
0.4402465637558705
0.43153897994277274
0.47658138742905615
0.480738480562192
0.43341569289699594
0.45325291053985733
0.4413672845639125
0.4841873440871434
0.4824095792582131
0.46793928309044197
0.5089082144289747
0.47156357220590583
0.46421541970730135
0.42788762602885144
0.43608510456242594
0.4981424095646329
0.4319446802495397
0.5107624534120779
0.4631465973765884
0.4687675178681963
0.46269940905120055
0.5055563930381954
0.49715953715515016
0.49262261939780777
0.4483889561055258
0.4621406825589247
0.4458597895039148
0.43509296101653644
0.4485230405371895
0.426713955259999
0.47802418623225507
0.4308141873578598
0.4633387738609737
0.49638253738606175
0.40883517821110127
0.4677053602353888
0.3889830403453526
0.4489038998635928
0.4719491071113361
0.43765918801069487
0.42537128582724226
0.4772098192253341
0.485233903071135
0.5271621082888116
0.4368679106243044
0.4777146336283446
0.44879384365897157
0.47992549165124954
0.48534064185212167
0.48355029754795475
0.4407275412570965
0.46019172690627563
0.43958833545090076
0.4387959662733356
0.44974468005429186
0.38860038149726706
0.42241703511858164
0.48809498598485745
0.4635601027687362
0.4039233217852844
0.4384015426536433
0.4819352767385939
0.4375047860165205
0.45618169002923725
0.4527653484954308
0.8031668651413998
0.502571867222905
0.445785107227875
0.475151665656305
0.48533866569456524
0.45656457104770504
0.41523107336705684
0.5253254013344169
0.4651275845665238
0.5145452249543493
0.4089021961258147
0.4505877036759567
0.4293932718367304
0.4206483450675105
0.4916570413078396
0.41592412683270225
0.4632312314873753
0.46769702250410955
0.4293134032688166
0.4539189295017035
0.4673909665449429
0.460433795310741
0.41483624025716725
0.4725991682855342
0.5061763973971803
0.46842186756653864
0.4054793746151064
0.4480778057268455
0.4597718898690825
0.4668417065720788
0.47872828045563004
0.7694231575393955
0.4422360893174306
0.43942472149254214
0.41783547667328186
0.4402465637558705
0.43153897994277274
0.47658138742905615
0.480738480562192
0.43341569289699594
0.45325291053985733
0.4413672845639125
0.4841873440871434
0.4824095792582131
0.46793928309044197
0.5089082144289747
0.47156357220590583
0.46421541970730135
0.42788762602885144
0.43608510456242594
0.4981424095646329
0.4319446802495397
0.5107624534120779
0.4631465973765884
0.4687675178681963
0.46269940905120055
0.5055563930381954
0.49715953715515016
0.49262261939780777
0.4483889561055258
0.4621406825589247
0.4458597895039148
0.43509296101653644
0.4485230405371895
0.426713955259999
0.47802418623225507
0.4308141873578598
0.4633387738609737
0.49638253738606175
0.40883517821110127
0.4677053602353888
0.3889830403453526
0.4489038998635928
0.4719491071113361
0.43765918801069487
0.42537128582724226
0.4772098192253341
0.66256171403445
0.6414798469411332
0.6047530132551209
0.6665344504712809
0.6000885162379753
0.5811386174637987
0.5823314323138649
0.6630846267463677
0.609850067627564
0.6116524076954828
0.5906704769060664
0.6254171920520964
0.6122490495265123
0.639920065635897
0.629871067309477
0.6463329766922865
0.651385947741167
0.6274110738458774
0.6335610172446079
0.6288497069791887
0.6588526718395459
0.6688850213907452
0.6624638390272141
0.596552150037741
0.6022568021360714
0.6513804867256081
0.6077763858404347
0.654464581653604
0.6325257386867955
0.6020668783268598
0.6103167051050661
0.6414051395761715
0.6291460865408954
0.6570278555830457
0.5701310114742887
0.6673686659216358
0.629252795481852
0.7042449676645185
0.6474278320482642
0.6472165480114211
0.6665522106926717
0.626860215387362
0.5800749226639623
0.6631205923898225
0.6415752276800646
0.671094777376004
0.6096143191455977
0.6170631189128076
0.6597509772248955
0.6220382168005403
0.58234872343444
0.6056864455976966
0.6376418054567105
0.6070564134263592
0.6623041203439516
0.6143531903229998
0.6423533267531325
0.6969594726208627
0.6543477182749591
0.6314183949524017
0.6776562267770289
0.6094943209862795
0.6011800389545655
0.6141256497446094
0.6072733082380964
0.7447376191260164
0.6243838787098094
0.6328379444489532
0.6052569644970507
0.6443113409905884
0.609681924487902
0.6427452049274318
0.6068742159255207
0.62701868838625
0.6449520125415079
0.6632898863371715
0.6752745325506008
0.6941754306366246
0.6358013959002848
0.5885550503232659
0.6749320295417776
0.6007559053341548
0.5819255429680461
0.6387987411054031
0.6063231723540434
0.5719445460401316
0.5895043170753956
0.6637834990755312
0.6729864160405166
0.6728158206096209
0.6033740410302473
0.6155445082113314
0.6370272557209189
0.5693927246845619
0.6550821057164248
0.61267347985675
0.613602611228691
0.6795337852761676
0.574045980926982
0.6391267158693621
0.49261946519884947
0.5171022262443372
0.5210462083326576
0.46393925176740825
0.5543770285559863
0.510275582308172
0.5094706049725735
0.5128086252425113
0.5031860536868006
0.5177239664218334
0.48909397057344917
0.5395423142797253
0.47372631174531227
0.5155498112602743
0.5255310649034493
0.5047783085847263
0.5441613691992921
0.530824964004108
0.49052497432924963
0.5062557697555
0.4602251224607752
0.46879236208133196
0.47223922792291023
0.839235139647204
0.5295276040505676
0.49165006146534523
0.5541716892771662
0.4631045487937001
0.51993653480751
0.5523285614526166
0.4581166336838672
0.4461728921403087
0.5146060906748455
0.5318595839752769
0.5136755157899217
0.460117346610508
0.5279756526569486
0.46086986235235333
0.46529230137477007
0.5431389160273925
0.49484664997191613
0.5739756960931612
0.5151912173840326
0.5088638615109827
0.4534043336970789
0.46228728577090544
0.4666719875975608
0.5109129663858452
0.4582236703058205
0.5056564820036449
0.5497986655106049
0.46822694412683824
0.5122748867105473
0.6033286042054842
0.46330878633915606
0.456366916286101
0.523608325876339
0.49778188567403003
0.5449617594542222
0.5095640781926126
0.4463342406660237
0.5383436536502136
0.5356727781460591
0.5777044320483566
0.5075495036420602
0.4604759317661322
0.502195775286272
0.5474468227248449
0.4855528938355685
0.49932261618298923
0.5612308328157144
0.446776536004745
0.4988561725151017
0.527721242117219
0.4689732727865401
0.5005478604232939
0.4705486770723695
0.5100814557388145
0.5079545368305235
0.43227744673500856
0.5129897623694567
0.5178258082864097
0.4982767416549809
0.466994058362643
0.5028930198984857
0.5437905399240127
0.5037774915833519
0.44213266334971946
0.49094495158611
0.47490882951550945
0.5259624383581196
0.5036734301260278
0.5366669239219442
0.5178149581803156
0.48503343253283354
0.4928435567049098
0.45973442155521405
0.4438554930088341
0.5098718459001853
0.5242018756544092
