0.16891627072159496
0.14665960670790149
0.1604561848503827
0.11626725225080296
0.1780916957220629
0.13124495121143961
0.16995526574808606
0.18168474734907425
0.14793231730431147
0.14067813317199776
0.1336164437562561
0.13544174246672946
0.148639672399919
0.14248929379024694
0.1630104395570895
0.13660229833478643
0.133266627258044
0.13743672071856505
0.1290433379731985
0.1449141178206541
0.1308056815837353
0.18125026889184395
0.14326130194123235
0.15211953160181765
0.1501625106615758
0.1475426752922979
0.16902531981351163
0.14414818440866412
0.14129187216369593
0.13358712881088064
0.1572995030130144
0.14609512328408383
0.1253117567377569
0.12897983976669264
0.1702149782875812
0.18274732194718843
0.15723430247062986
0.11908244189720722
0.1576317262656612
0.1777839105576774
0.13688064728374294
0.15726671098037887
0.14507063655158084
0.11480450730522866
0.15839271468456959
0.13827099271119597
0.16304170164849166
0.15161608656655556
0.13975436880438688
0.14458455674131207
0.14027119401990915
0.13959685344881267
0.13175225563847592
0.16716214205219712
0.1182267747671185
0.12993276927581995
0.12344713903710364
0.13706144263551442
0.14900784090400773
0.19333560827471644
0.13648490415600673
0.13492272793805898
0.15817495742010046
0.14533494155300977
0.15458807453358894
0.1506348698061306
0.1312392632901609
0.16840447696233665
0.19590154580960947
0.17453572349612456
0.15302844448028652
0.12238277903727815
0.14759917896845792
0.12561774603763753
0.14774145732183494
0.16712573496969138
0.1426613210914136
0.16516410921236352
0.1257818552622713
0.16470431961342588
0.15308924984021388
0.13578493832918934
0.14993416270832746
0.18125065129257129
0.149471197791673
0.1467548190094505
0.16757534420451625
0.14113027654960064
0.14041538173744103
0.14611772681080884
0.1508877502302837
0.13822202977770007
0.13047290886261684
0.12252511397268655
0.1774414797498923
0.13633675146601892
0.19071199566212016
0.13548514053113517
0.19942339423864225
0.13648768081366577
0.16891627072159496
0.14665960670790149
0.1604561848503827
0.11626725225080296
0.1780916957220629
0.13124495121143961
0.16995526574808606
0.18168474734907425
0.14793231730431147
0.14067813317199776
0.1336164437562561
0.13544174246672946
0.148639672399919
0.14248929379024694
0.1630104395570895
0.13660229833478643
0.133266627258044
0.13743672071856505
0.1290433379731985
0.1449141178206541
0.1308056815837353
0.18125026889184395
0.14326130194123235
0.15211953160181765
0.1501625106615758
0.1475426752922979
0.16902531981351163
0.14414818440866412
0.14129187216369593
0.13358712881088064
0.1572995030130144
0.14609512328408383
0.1253117567377569
0.12897983976669264
0.1702149782875812
0.18274732194718843
0.15723430247062986
0.11908244189720722
0.1576317262656612
0.1777839105576774
0.13688064728374294
0.15726671098037887
0.14507063655158084
0.11480450730522866
0.15839271468456959
0.13827099271119597
0.16304170164849166
0.15161608656655556
0.13975436880438688
0.14458455674131207
0.14027119401990915
0.13959685344881267
0.13175225563847592
0.16716214205219712
0.1182267747671185
0.12993276927581995
0.12344713903710364
0.13706144263551442
0.14900784090400773
0.19333560827471644
0.13648490415600673
0.13492272793805898
0.15817495742010046
0.14533494155300977
0.15458807453358894
0.1506348698061306
0.1312392632901609
0.16840447696233665
0.19590154580960947
0.17453572349612456
0.15302844448028652
0.12238277903727815
0.14759917896845792
0.12561774603763753
0.14774145732183494
0.16712573496969138
0.1426613210914136
0.16516410921236352
0.1257818552622713
0.16470431961342588
0.15308924984021388
0.13578493832918934
0.14993416270832746
0.18125065129257129
0.149471197791673
0.1467548190094505
0.16757534420451625
0.14113027654960064
0.14041538173744103
0.14611772681080884
0.1508877502302837
0.13822202977770007
0.13047290886261684
0.12252511397268655
0.1774414797498923
0.13633675146601892
0.19071199566212016
0.13548514053113517
0.19942339423864225
0.13648768081366577
0.14013890272846066
0.1801345612493116
0.2008729336191693
0.1680341043037355
0.171500287272306
0.16107815054035904
0.19767666522449132
0.16182094387695722
0.14302300808796728
0.12664027974444553
0.146312980429004
0.17817917631635222
0.14861952170516604
0.13620853126015645
0.14905382009911927
0.16420872954515875
0.1373080573488673
0.15890641012752038
0.1654845501036038
0.16807078334452558
0.16068212528901787
0.20923404456542644
0.16534125749522935
0.17292638726198084
0.18063966025675296
0.15932457366493266
0.1985471512733213
0.12799990678530165
0.16286651967867866
0.1447993234822099
0.16477189780865908
0.16053085817354396
0.1682076242925564
0.15761186299390137
0.15692621287136094
0.16693306002977165
0.16717800304256394
0.21585934690291975
0.13424787872981017
0.16217409393604046
0.14540183700252582
0.17961609409856696
0.15430016248642625
0.13504041202131534
0.18243169441189336
0.1567286306833244
0.16998240438729234
0.15762385233708898
0.13945369108269004
0.165278442767729
0.18242042412908838
0.15827834352241174
0.13242069940598322
0.17837993543270975
0.20455511701465523
0.2363529255706073
0.15925672273907032
0.17248543706078914
0.20435221599257272
0.13766234769048324
0.1534270423022482
0.16949243223542776
0.16838365415880524
0.15987754778486588
0.15996281360372705
0.16499373846346477
0.156289647368486
0.24476785313325922
0.154737545948622
0.15860945460496714
0.13390524696616604
0.19446412973606336
0.1663282521835209
0.13140277147974108
0.15552352983301665
0.17410146392426573
0.25453180948391924
0.17263393056251533
0.15621964160629923
0.1525322435565142
0.1762980107564933
0.1851595690267336
0.23204126122880353
0.1999264028764612
0.17015936520933528
0.14409032526429572
0.223669684748948
0.13554500787783424
0.18853098284994077
0.18469743368908828
0.18480221417211667
0.14986228455313674
0.20077351239987629
0.22072006425062143
0.16825781906942755
0.16435042471161357
0.16039762890182385
0.14450783512241283
0.1427331195298685
0.14079216169345637
0.28301440514051723
0.2269765116648713
0.2576557863147032
0.2317955019998756
0.26521499985567804
0.21805429031995308
0.1782407427796585
0.2496780599577718
0.23187715371164347
0.23925974800576497
0.2184761152371082
0.2291289566566302
0.24034989789107478
0.23902207085704139
0.205112164925873
0.22205061064994938
0.227668230600652
0.23235676849995854
0.24317318774269292
0.23920779953239196
0.3244774175750866
0.23029123802506526
0.2285303301123728
0.29405458873657675
0.2531097371542251
0.1939825267814917
0.21384951459437102
0.2870777377274022
0.2644424046384363
0.24413499557340704
0.2533659992452776
0.24074884327895898
0.2757916575298363
0.23154048944775554
0.26205980120691696
0.261388132075666
0.2543017525396235
0.2933450408362015
0.21749293596492927
0.21442501341587716
0.2324693929052035
0.21549772969681164
0.3549269807998866
0.24455789213112245
0.233515805167054
0.22285618981223593
0.2168781908278059
0.2479712418206526
0.23407144606568522
0.2764320656051826
0.26609754272065717
0.2531553685192738
0.27540269230362274
0.2358143006292246
0.25466438329936536
0.22467501998161787
0.2143124398575875
0.2325051030757869
0.28606485212241023
0.2253071040125989
0.26058587717324416
0.2050681597441878
0.23213294082511873
0.297139030352796
0.19155721143945742
0.24605454565901025
0.2164979870159353
0.22710786561480378
0.20073891912367273
0.2071041638876728
0.19424620039764762
0.23881056198965517
0.2948757653540613
0.23596097724797455
0.19706048334698884
0.21938779803007924
0.2256439768553561
0.26704631679138646
0.22675737024572817
0.23656276103765989
0.21752676109242902
0.2735212178621578
0.27373904131499915
0.2953575257007161
0.2876344191964974
0.2641189379509179
0.26735095851692076
0.21052635157518618
0.21314728068108044
0.21897754209857465
0.23374753563113249
0.21386551368969553
0.22543579426684227
0.2087936022109996
0.21628122932489657
0.21860607789399839
0.2973485964773395
0.23431816441819708
0.25727234689080514
0.2321593207531608
