0.14013890272846066
0.1801345612493116
0.2008729336191693
0.1680341043037355
0.171500287272306
0.16107815054035904
0.19767666522449132
0.16182094387695722
0.14302300808796728
0.12664027974444553
0.146312980429004
0.17817917631635222
0.14861952170516604
0.13620853126015645
0.14905382009911927
0.16420872954515875
0.1373080573488673
0.15890641012752038
0.1654845501036038
0.16807078334452558
0.16068212528901787
0.20923404456542644
0.16534125749522935
0.17292638726198084
0.18063966025675296
0.15932457366493266
0.1985471512733213
0.12799990678530165
0.16286651967867866
0.1447993234822099
0.16477189780865908
0.16053085817354396
0.1682076242925564
0.15761186299390137
0.15692621287136094
0.16693306002977165
0.16717800304256394
0.21585934690291975
0.13424787872981017
0.16217409393604046
0.14540183700252582
0.17961609409856696
0.15430016248642625
0.13504041202131534
0.18243169441189336
0.1567286306833244
0.16998240438729234
0.15762385233708898
0.13945369108269004
0.165278442767729
0.18242042412908838
0.15827834352241174
0.13242069940598322
0.17837993543270975
0.20455511701465523
0.2363529255706073
0.15925672273907032
0.17248543706078914
0.20435221599257272
0.13766234769048324
0.1534270423022482
0.16949243223542776
0.16838365415880524
0.15987754778486588
0.15996281360372705
0.16499373846346477
0.156289647368486
0.24476785313325922
0.154737545948622
0.15860945460496714
0.13390524696616604
0.19446412973606336
0.1663282521835209
0.13140277147974108
0.15552352983301665
0.17410146392426573
0.25453180948391924
0.17263393056251533
0.15621964160629923
0.1525322435565142
0.1762980107564933
0.1851595690267336
0.23204126122880353
0.1999264028764612
0.17015936520933528
0.14409032526429572
0.223669684748948
0.13554500787783424
0.18853098284994077
0.18469743368908828
0.18480221417211667
0.14986228455313674
0.20077351239987629
0.22072006425062143
0.16825781906942755
0.16435042471161357
0.16039762890182385
0.14450783512241283
0.1427331195298685
0.14079216169345637
