0.107826150897
0.10040950551
0.107452006078
0.0989932405231
0.0959157462171
0.10690468201
0.0945038709104
0.109474835927
0.0963964602825
0.0882940723677
0.115013668658
0.0898030477821
0.0885245961197
0.100086763581
0.10033240974
0.0859531717142
0.0920621314049
0.1918769354
0.0875136144253
0.0935657257549
0.103458929231
0.112694773761
0.10057813477
0.0948528368012
0.116208883871
0.115988753732
0.0900662969225
0.0905550388468
0.0994353155509
0.108897804795
0.0988568278836
0.117428354213
0.0971646259183
0.109695105453
0.0964053792194
0.0963449402753
0.0960551924867
0.0989867639349
0.10442832725
0.086068695265
0.0976394479016
0.08169646454
0.0934653050378
0.0975062270671
0.0939763207931
0.0897207925341
0.0990671473005
0.107872378622
0.0744060744227
0.10290463734
0.110034878198
0.109103977808
0.0993818946895
0.106985667924
0.102131104647
0.105389964897
0.0917416285324
0.0992681436231
0.0876688202032
0.0984404382278
0.0987429129558
0.0952811121071
0.098766166255
0.0917365541701
0.0908362513055
0.0944548112941
0.105203838033
0.112091651507
0.0881773236076
0.0814851954513
0.0951695126281
0.0908863955001
0.109206924613
0.0933071154633
0.112073924784
0.129812748134
0.0865213736474
0.112405916353
0.0891783925884
0.095202075299
0.1004903405
0.104535497249
0.0925542849377
0.0957036214104
0.09817486686
0.0950070368038
0.101194772023
0.0878115881125
0.0962325575639
0.102434150248
0.104424038965
0.0964090297489
0.0902637998466
0.104336931047
0.100485329803
0.0933737773748
0.103527578312
0.102792238449
0.102647734585
0.110403529457
0.20251098448970484
0.1767425695367662
0.17536554550075423
0.19566066452723346
0.18260899243606954
0.18123992128709113
0.18413076922764035
0.17612364355988913
0.218299568396048
0.19146435862008054
0.17260395744637463
0.2122186719459592
0.21691006574982796
0.20978750426324957
0.16152965025604016
0.17361673428325256
0.19897861184753396
0.1904761545853372
0.17744988917341808
0.16967853357808754
0.2098311409188976
0.17262912494149
0.2041552603670445
0.1890584202136207
0.1611481560282643
0.17780532734224838
0.1787144220415831
0.1939326867114056
0.18880676960969767
0.19555180226438695
0.15766348188861112
0.21459671405029435
0.196874719187745
0.16366225272129997
0.19462303522584729
0.16362567950823867
0.20908788872644976
0.16328886439572796
0.17751642198012127
0.22157339167465592
0.17713341105120398
0.1822515050849754
0.2247561376545624
0.21169653160848848
0.17943804530578122
0.20683812910226101
0.1744682173812804
0.25290773853322646
0.17703622187494938
0.18091031089220783
0.21042592281501085
0.22743071780625093
0.2266385230254412
0.18757043724469433
0.18256210128938008
0.19242869555741152
0.2022890160926397
0.17250626414223566
0.19214135015486475
0.2143635349643212
0.24030549315186236
0.20783086524432035
0.1914041802015974
0.19541627159157865
0.21731195517962285
0.20838718327067027
0.19306431517293787
0.193090807964186
0.2113761119555482
0.21406339635358432
0.1934871275048035
0.20854648462626862
0.19853271243714382
0.16549796482309614
0.17493900615616875
0.1664888218319129
0.1825708438317171
0.18369717052979392
0.20445461294470849
0.17698795104752102
0.16239824839655312
0.18905362421732114
0.1637084103022375
0.18798545682821519
0.17231533975477584
0.19387177517067006
0.19588228084630527
0.22161279556180422
0.21057533349172924
0.1754823536982464
0.19596344181841657
0.1879459834211728
0.2184227318193616
0.21647641721397143
0.21922811325058236
0.17196423738982716
0.18495355616177195
0.19793743132432398
0.18903014251134737
0.17472898584576163
