0.09421894815818438
0.08331625728806162
0.08187707456700215
0.08408210613166439
0.077806925287865
0.07532422860290841
0.09214659819186298
0.07682890735214856
0.06399131515741183
0.08657913876658728
0.06830119325270145
0.09381014902966776
0.06654777142681816
0.08791173246193648
0.07860185467672373
0.08547170266324623
0.08577978366254427
0.08564010825745745
0.06440161519932962
0.09212045510474703
0.09869044943988944
0.10303317976930579
0.09125651431790292
0.08585782379142129
0.09830499388658416
0.07894848647790537
0.09631735029908002
0.09175706137571854
0.05758223394052558
0.07810860335625079
0.08394142101206337
0.07298347303561437
0.07650964736447279
0.06901502518260814
0.059859761499826566
0.10513276073510527
0.08400955057864813
0.09333436460833462
0.08976355163822933
0.10885996774604287
0.07791026760419492
0.08877130921792246
0.08075757287604478
0.09247434227841016
0.09802238656660105
0.07482823609961499
0.07706428954410914
0.07826599890638747
0.10483567144290468
0.09742641224862925
0.07002899026376984
0.08944465255583472
0.08434671637491302
0.08231647807022352
0.09154291377708028
0.09605847624142831
0.09594428050449376
0.091678952412295
0.06953526314550318
0.09045130516509511
0.0896656089346436
0.070613650837602
0.06623363140555158
0.103030604656246
0.0904910600974347
0.08022287613574698
0.07376981565180935
0.06969376367357034
0.10365911711121667
0.08467482130066135
0.07918328303453424
0.09036391853293702
0.09044570366561196
0.06444714126069967
0.06681806752667713
0.0949845224809587
0.0826547503477095
0.09331948018653381
0.09727355359626771
0.07117016846504175
0.08376541669718648
0.07774560596471237
0.06927638986573184
0.07815162696670408
0.08056847190914651
0.0782384002574174
0.0899788445882987
0.0834869857355889
0.08689878086557043
0.05570743872537916
0.08474986398906867
0.07657551284956238
0.09025651637718467
0.10189444437013398
0.10013894786185482
0.08826818263024556
0.07441849943843751
0.06866829461652474
0.08154196839606713
0.07480633101193067
