3 12 3 2
- - - 2
2 5 2 1
- - - 2
- - - 1
1 11 1 1
11 15 1 1
12 14 3 2
4 12 4 2
15 5 1 1
2 5 2 1
1 11 1 1
14 5 3 2
12 5 4 2
11 15 1 1
- - - 2
3 12 3 2
- - - 1
12 14 3 2
15 5 1 1
14 5 3 2
- - - 2
1 11 1 1
- - - 1
- - - 1
2 5 2 1
4 12 4 2
11 15 1 1
15 5 1 1
12 5 4 2
3 12 3 2
1 11 1 1
2 5 2 1
11 15 1 1
4 12 4 2
- - - 2
12 5 4 2
- - - 2
15 5 1 1
12 14 3 2
14 5 3 2
- - - 1
1 11 1 1
- - - 1
11 15 1 1
2 5 2 1
- - - 2
15 5 1 1
3 12 3 2
12 14 3 2
1 11 1 1
11 15 1 1
15 5 1 1
4 12 4 2
- - - 1
14 5 3 2
2 5 2 1
- - - 1
- - - 2
12 5 4 2
