0.1321706761293085
0.12982182909633697
0.16323123293085406
0.1499743787192061
0.13759520891655735
0.14544867417443538
0.15108262667673578
0.12460159008580006
0.13332164360769197
0.1445060259587339
0.17036613372627507
0.13965935662253823
0.16664817165364917
0.1491956138974155
0.12595857226240578
0.1580409183204638
0.1469234828989176
0.1422680478552344
0.16321419203459508
0.1493060115236544
0.1417457869676487
0.15087455779136852
0.16808920713127523
0.1445778001682198
0.1659473148827786
0.12291709189000537
0.14909563834242265
0.1400710876248148
0.1430238451034988
0.15195448718872256
0.14145926492565625
0.1586976252150673
0.1371175750167846
0.1479072013762983
0.15675268286426935
0.15986060033765845
0.16045017158638417
0.15427815803362285
0.14769000868144883
0.12557153915910663
0.14203012697582845
0.15361029466686207
0.1273081727308337
0.14612136552882993
0.14582745230362443
0.16223786372924062
0.15971187247855811
0.16740909815029545
0.15272597087758807
0.14583840849597893
0.16358712986420892
0.22224884983017956
0.15713029446094967
0.1525939359933509
0.1635711420258187
0.15327284057048904
0.14764215309024117
0.17032964214796908
0.1491242778175071
0.15200121215128068
0.14306320218347265
0.14607183459897188
0.14717588917167643
0.14021020515303262
0.15177114495211932
0.14154392735256657
0.14445174044811926
0.14477893006197604
0.16254553872779084
0.16261777642579278
0.14278225912940326
0.1353757538938223
0.1371340972198084
0.15609209715132016
0.1546532360283438
0.16365037149376824
0.1396437775407008
0.14671699370273963
0.16731879920790493
0.14139934268107962
0.13425160182580975
0.1421225609642467
0.16616426986099755
0.13878721567368124
0.14769413795906078
0.1430548650500788
0.11300384401704099
0.13407505684379575
0.15244750558376377
0.15021996599217843
0.13852807651122795
0.15302277536383518
0.14020546079845603
0.1515002241726249
0.15836551293439324
0.16075000395706612
0.15331449486840015
0.14995254229097701
0.13757732861560973
0.12536189506179204
0.27501603699994076
0.21928866297288105
0.2749828542785184
0.2503818351324629
0.2256741126587743
0.24452712323102585
0.23254651031932924
0.23632841114035882
0.22898734531998186
0.2338379255097862
0.24939544509329978
0.2148285339076186
0.26416613900282576
0.20991279592312873
0.20866122519395677
0.2254489226984395
0.18450393926205427
0.20987384232914777
0.24722813178242695
0.3739211390614353
0.2609376788980384
0.22543114330681047
0.246572404080232
0.2304840318395299
0.21631484711650328
0.2147579508431944
0.2645165937427554
0.22575113748968534
0.22022027129619448
0.2615763401743152
0.21077173193432078
0.22646810322509664
0.24280792071812532
0.23397335984073722
0.38758048134912965
0.20135149588366602
0.27153593708440965
0.24970782301083855
0.2181554430314369
0.23071149747601263
0.2676778987958981
0.23861702432092374
0.26967628922856934
0.20934685215854532
0.2330448444642337
0.26202516853335694
0.22759654761931974
0.26222018449819406
0.21428658929295186
0.23821924887184284
0.24506538185412285
0.21776603632206465
0.24375243711547417
0.21440109116937428
0.23837222077869455
0.24231263826058586
0.2701366178544825
0.22264886835466224
0.2127203450293473
0.2558460009014806
0.23075758092733828
0.25415609756176094
0.23593119714303362
0.24808892738935978
0.20898070939289629
0.23131599385516255
0.27013509491847176
0.27086938329467203
0.23132216939389952
0.23782666055628202
0.2625124097415776
0.24111827221653662
0.22241671221544757
0.25432541893787974
0.22438850538325877
0.22340744783125685
0.3618648342333246
0.23019243228094793
0.2340281571511071
0.2683125514954745
0.23336177544481848
0.23712797805556163
0.24813529165059842
0.22782403825698547
0.23082987065608254
0.24074818718340044
0.23429719782214398
0.23401478062386624
0.2335436545121771
0.2463708472061195
0.191610000585277
0.21689444326778803
0.29001156479652
0.24628767679959282
0.23049903642199993
0.23692964008055606
0.22477779806632947
0.23361967897067923
0.23727432472441928
0.20176708192114817
