0.1377366613635205
0.13076958861148258
0.13409079237295496
0.15271507839017248
0.13411434038685066
0.12344729547313511
0.17949190258309286
0.16377316208917697
0.1294272827422705
0.16344474548091917
0.18503810043724034
0.16878872218239852
0.17601872578663913
0.1347364928034871
0.184413583482255
0.13765552648450233
0.14017429080413976
0.1473395700623503
0.14606224052530925
0.1804915353039052
0.15386763551178761
0.16041844690665163
0.14079865325446356
0.16057881094467802
0.14275957916768886
0.18266029650151558
0.133897245676691
0.1473761164310668
0.15060434953414872
0.18123763115066244
0.16195583803899602
0.18617896963187952
0.17329154174904327
0.19318033913618063
0.16611067619719666
0.1498244553975081
0.14573018015612504
0.14931638278426954
0.13926760213316633
0.14882488771369623
0.1644413550592655
0.16529727567399982
0.12540833356525408
0.15049430481772438
0.1474392510998367
0.17871877413758644
0.1562623995302177
0.16170743720088065
0.17542916877460535
0.15446336265887264
0.15454252682826064
0.15734985878177063
0.14599638382948965
0.1756216636698205
0.15487974766128232
0.15549360231647255
0.15154643001902435
0.1555155674780896
0.15887650940343745
0.13015472543224668
0.15819026865994434
0.14313150097807223
0.18588608350028557
0.13122743634204237
0.1401580393861971
0.1509450651192249
0.14803690778002287
0.14016564210105037
0.14550904053026148
0.175683633459588
0.1622294578173733
0.15301613573650485
0.15564636128481246
0.19653699555008128
0.17137949428086682
0.18734607859926866
0.15224273591616402
0.19337246085784457
0.14184387633771528
0.1891816344217022
0.1474588693908794
0.14459043405834426
0.16235741025821235
0.14535543605819615
0.1558790503364041
0.16441072049365277
0.1457148000377592
0.14148264361075283
0.14636288162309724
0.14382829909727302
0.15805304192951103
0.18238024130918332
0.15558659708279401
0.16260109033705572
0.16889376120682945
0.15264299294619302
0.13878010730293638
0.1413625829034425
0.15310069597324022
0.14593374322906988
0.15296702396649248
0.19184924464356232
0.17799217238842135
0.17535105555061445
0.2104360876453939
0.2440884041139334
0.18583637061596048
0.1947698638398299
0.20215211856867402
0.215958112996864
0.28312384198682133
0.16956905475373826
0.21435057086353812
0.2572561028011732
0.18149876964895914
0.16328018626944216
0.17409384172660325
0.17805110333170976
0.18289519505273222
0.23083348028008635
0.14910691671415674
0.20746402987316861
0.1949289404382375
0.17023857538366677
0.13951046185368976
0.21255436524672183
0.20457063093572364
0.20291238811028725
0.16894121636943465
0.21525995763228145
0.19929815477275425
0.29698308679965335
0.18149324649465365
0.18299886514343588
0.19410182543327512
0.1721228145149581
0.21127233785461838
0.21509760560780297
0.17979489134296261
0.1667604151400254
0.17999250891736696
0.24514038181746783
0.2835928168395306
0.17932064729157834
0.22458273318284186
0.31776689282992554
0.18509863653759187
0.15840716777288547
0.20844369810600347
0.18960068531598587
0.1776722899245055
0.18624612322034984
0.27196347283954925
0.23878406889844128
0.201411202919812
0.1928900116506853
0.1826992040746471
0.21466696142749322
0.17684910443201632
0.21011739140488525
0.19054934839861448
0.17653241822918767
0.1992338112391839
0.16858294119368838
0.16216186249482692
0.24050654795404652
0.14371323437644584
0.26131505237150837
0.2789519786981103
0.17048130426925026
0.24805408531582365
0.17209518177950187
0.20374521769134343
0.250866223210322
0.18353465012058517
0.18084768514803354
0.1965268047468241
0.2436712289396317
0.17106604800800454
0.19267842094649804
0.18980277209782234
0.21018015045568064
0.2175715340602122
0.18135847749071254
0.17196420304743434
0.20453666530202738
0.2490598443306609
0.24765648026330098
0.26196114019978367
0.1517188491187644
0.19967377172264417
0.21066690070249913
0.17080895839388946
0.16430426070064397
0.17579826946808752
0.2362366474494821
0.18138822031653826
0.16910155273554733
0.24069722199779756
0.17670801992006757
