0.22057248899225967
0.21048800230123701
0.2267073087405586
0.23952136006906147
0.16629236118431975
0.17535694543419444
0.21306266442729654
0.20156517680424163
0.20220410285301532
0.21801273234422025
0.20161307121968056
0.20991001646584656
0.2382457167082821
0.22718465394286305
0.2073449377743373
0.23563012112167184
0.20428458115046555
0.20884160747790192
0.22426347918517942
0.21667546331039325
0.19860728872236078
0.23666098646318717
0.24088699108956105
0.19013976827260698
0.22776361304335083
0.2054960802229423
0.2641408064017801
0.1984690213472436
0.204073019726408
0.22010814874248522
0.26770442243318404
0.20889059934279497
0.2834023109404231
0.22730410904952866
0.3389912485560407
0.1833617843946324
0.24535395051753817
0.1964510323120375
0.24982459019566114
0.24697915647890803
0.18383804964810732
0.22916418235430833
0.211306620353791
0.20921852713448888
0.3111573489567902
0.21655166475166818
0.23864083257601382
0.19875111849517382
0.27772067764498753
0.21749495177948636
0.20982277879403133
0.24957264214595198
0.2669286095040336
0.2031271423986759
0.22654894347448482
0.19845675867757065
0.23837436554646932
0.1926879582986858
0.21466214826973473
0.20598739573903102
0.3225178099886379
0.22856450207793308
0.21779439597200695
0.18075915631495668
0.261764611829934
0.19821480537978875
0.22883776736676026
0.26112699184767313
0.2009146894419962
0.23887028044885586
0.20285004239646334
0.18560547146908257
0.20596397131355232
0.21268046279495978
0.2516679719190298
0.19637969280441425
0.23400332728916418
0.2633961095395167
0.2738963053169203
0.2274336936712107
0.19962567338646287
0.24366175123007058
0.2328261479324801
0.22943872245577526
0.1929186904753413
0.3691301449533332
0.1708220705879777
0.20906147458145463
0.2180926816150049
0.1805808962491332
0.2204221530212065
0.20550976965571677
0.19608236416263594
0.21028539173845956
0.2044289198545544
0.21405024456093238
0.1973486393688099
0.22123422515589442
0.2038793476677952
0.17003911844872238
