0.9902334708296431
0.9998269757178299
1.0059079929080024
1.027792127780844
0.9908377299060045
0.9998816764285388
1.0271182816963123
1.0329794823241583
0.9839584783964399
0.9999646765886918
0.9839996580115383
0.9848114420316076
0.9685970722416406
1.0010117298288472
1.0173676380189138
0.9849843255137971
1.0068185941243872
0.9926731352512764
0.969933629239659
0.9904019124902711
0.999046495058568
1.0062023676877603
1.007464356325141
0.9850191455096752
1.0211136714755114
0.9898840750499313
0.9851664369973265
1.0067850468530235
0.9905611607247397
0.9899916800381091
1.010929729190538
0.9669168131001705
0.9725821216621104
0.9895825762433238
0.9738294030245294
0.9991898171859883
1.0064201304601812
1.0101234509003523
0.9684606981767127
0.9901102962733836
1.0051363160848819
1.0169343444114873
1.0168180271922784
1.0009461376604485
0.9836711258271169
1.021538242180137
1.016436362444438
0.9698146057254302
0.9841704613812161
0.9886861513513714
1.0082817749685355
0.9894037521661212
1.0043737417332406
1.0089868863714013
1.0158382895018971
0.9833373346266787
0.9827836413889085
0.9704337102994376
0.9743039146134603
0.9906093311607103
1.022084934089631
1.0072497465166146
0.9894399363021181
0.9903282901174453
0.9901283188566551
1.009083517870669
0.984261885314065
1.004885735246603
0.9855311300284998
0.9741897905111504
1.00661242913137
0.986645722766126
1.0065711292612187
1.0003308416516803
0.9886657078150223
1.005757114973264
0.984358043123198
1.02248826182374
0.9995173013328533
0.9780997296974494
0.9676781086406284
1.0053584316621973
1.0053475549233242
1.0207871146191252
1.0069737363563613
1.010561045023542
0.9742352351634864
0.9905992870033495
0.9678620180483685
1.0065860527329584
1.000589433016346
0.9995364855134166
1.033883360578768
0.9918936100142295
0.9737678365374292
1.0052411359264093
0.968499603273579
1.0288064786775084
0.9744614129346266
0.9844367456088222
