0.2049224444994895
0.1953525911446378
0.21412858094585746
0.2384192311631108
0.22100001176185566
0.2721166232256644
0.24538611467685167
0.2402923971248174
0.2267067319022088
0.21007358654057692
0.20450239540436274
0.21041465704899084
0.2657023155787601
0.2382554804357701
0.2071285292418111
0.2043382347010005
0.22056553908465615
0.22345166752334344
0.2232278318024153
0.25557685027234134
0.24404779973324792
0.3120284280179351
0.22236543312857435
0.2393386556476514
0.22023874598754314
0.25024065535048273
0.24038684409284672
0.2316552089825349
0.2461713198623582
0.27113134200996064
0.2811934991383696
0.2374714455474265
0.22355921237565335
0.2662482749232176
0.24941816116736976
0.2580586522775835
0.2833053667131072
0.2463159387220929
0.23321644738650857
0.20350818268708104
0.24465892599231953
0.23687870321194868
0.23783892212211502
0.24735745401114337
0.23464394055895496
0.2642282159985469
0.2494452993404941
0.210252988035093
0.2237220846100029
0.25653287706263067
0.20343896350724638
0.3079973544352676
0.2403625851068954
0.23580961990653113
0.24935561160984754
0.2257600897523499
0.21471754570490326
0.2502341650072865
0.27327356640401274
0.22902637596987308
0.2992599330978954
0.2367244995231957
0.26200215144545375
0.23202883100701682
0.24444845644234853
0.2143374923001955
0.2772153306515672
0.2203548663292355
0.2581704213235083
0.2387068581585011
0.273741201747234
0.2145005264014942
0.27983769227060434
0.2523281845048818
0.29456601760668305
0.2889786207694756
0.24445756007595568
0.243455787835077
0.2156415493187514
0.2507592488104824
0.22506384043057048
0.2055964645368277
0.27126463943999646
0.2663513950219539
0.29739739755281636
0.23169856875098693
0.21707221558474113
0.22889946279312928
0.2261513846554391
0.23132314213870822
0.23979931571544205
0.24396754658157413
0.2818294609509846
0.20649630164672086
0.30905922218204973
0.21630036266843475
0.24015925965072116
0.2513164285413823
0.2524779737061276
0.24045529161494741
