0
0
0
0
0
0
0
0
0
0
0
0
0
0
0
0
0
0
0
0
0
0
0
0
0
0
0
0
0
0
0
0
0
0
0
0
0
0
0
0
0
0
0
0
0
0
0
0
0
0
0
0
0
0
0
0
0
0
0
0
0.0
0.0
0.0
0.0
0.0
0.0
0.0
0.0
0.0
0.0
0.0
0.0
0.0
0.0
0.0
0.0
0.0
0.0
0.0
0.0
0.0
0.0
0.0
0.0
0.0
0.0
0.0
0.0
0.0
0.0
0.0
0.0
0.0
0.0
0.0
0.0
0.0
0.0
0.0
0.0
0.0
0.0
0.0
0.0
0.0
0.0
0.0
0.0
0.0
0.0
0.0
0.0
0.0
0.0
0.0
0.0
0.0
0.0
0.0
0.0
0.0
0.0
0.0
0.0
0.0
0.0
0.0
0.0
0.0
0.0
0.0
0.0
0.0
0.0
0.0
0.0
0.0
0.0
0.0
0.0
0.0
0.0
0.0
0.0
0.0
0.0
0.0
0.0
0.0
0.0
0.0
0.0
0.0
0.0
0.0
0.0
0.0
0.0
0.0
0.0
0.0
0.0
0.0
0.0
0.0
0.0
0.0
0.0
0.0
0.0
0.0
0.0
0.0
0.0
0.0
0.0
0.0
0.0
0.0
0.0
0.0
0.0
0.0
0.0
0.0
0.0
0.0
0.0
0.0
0.0
0.0
0.0
0.0
0.0
0.0
0.0
0.0
0.0
0.0
0.0
0.0
0.0
0.333333333333
0.0
0.0
0.0
0.0
0.0
0.333333333333
0.0
0.333333333333
0.0
0.0
0.0
0.0
0.0
0.0
0.0
0.0
0.0
0.0
0.0
0.0
0.0
0.0
0.0
0.0
0.0
0.0
0.0
0.0
0.0
0.0
0.0
0.0
0.0
0.0
0.0
0.0
0.0
0.25
0.0
0.0
0.0
0.0
0.0
0.0
0.0
0.0
0.25
0.0
0.0
0.0
0.0
0.5
0.0
0.0
0.0
0.0
0.0
0.0
0.0
0.0
0.0
0.0
0.0
0.0
0.0
0.0
0.0
0.0
0.0
0.5
0.0
0.5
0.0
0.0
0.0
0.25
0.0
0.0
0.0
0.0
0.0
0.25
0.0
0.0
0.5
0.0
0.0
0.5
0.25
0.0
0.0
0.0
0.5
0.0
0.0
0.0
0.0
0.0
0.0
0.0
0.2
0.0
0.0
0.0
0.0
0.0
0.0
0.0
0.0
0.0
0.0
0.4
0.0
0.0
0.0
0.2
0.0
0.0
0.0
0.4
0.0
0.0
0.2
0.0
0.0
0.0
0.0
0.6
0.0
0.0
0.0
0.0
0.0
0.0
0.0
0.2
0.0
0.0
0.0
0.0
0.0
0.0
0.0
0.4
0.0
0.0
0.0
0.0
0.0
0.2
0.0
0.0
0.0
0.0
0.0
0.0
0.0
0.0
0.0
0.0
0.0
0.0
0.166666666667
0.166666666667
0.0
0.166666666667
0.5
0.166666666667
0.0
0.166666666667
0.0
0.0
0.0
0.0
0.166666666667
0.0
0.0
0.0
0.0
0.0
0.0
0.0
0.166666666667
0.166666666667
0.0
0.0
0.0
0.0
0.0
0.5
0.0
0.5
0.0
0.0
0.0
0.0
0.0
0.0
0.0
0.166666666667
0.0
0.0
0.166666666667
0.0
0.0
0.0
0.0
0.0
0.0
0.0
0.0
0.0
0.0
0.0
0.166666666667
0.0
0.0
0.0
0.0
0.0
0.0
0.0
0.0
0.142857142857
0.0
0.0
0.142857142857
0.0
0.0
0.0
0.142857142857
0.0
0.0
0.0
0.285714285714
0.0
0.142857142857
0.0
0.0
0.142857142857
0.0
0.0
0.142857142857
0.0
0.0
0.0
0.0
0.0
0.0
0.0
0.0
0.0
0.0
0.0
0.0
0.285714285714
0.0
0.0
0.0
0.0
0.285714285714
0.0
0.0
0.0
0.0
0.142857142857
0.142857142857
0.0
0.0
0.0
0.142857142857
0.0
0.0
0.142857142857
0.142857142857
0.142857142857
0.0
0.0
0.0
0.0
0.0
0.25
0.0
0.25
0.0
0.0
0.5
0.25
0.0
0.0
0.125
0.0
0.125
0.0
0.375
0.125
0.125
0.0
0.0
0.0
0.0
0.0
0.0
0.0
0.125
0.0
0.0
0.0
0.0
0.0
0.125
0.0
0.125
0.125
0.0
0.0
0.0
0.125
0.0
0.0
0.25
0.0
0.0
0.0
0.375
0.0
0.0
0.375
0.0
0.0
0.0
0.0
0.0
0.0
0.0
0.0
0.0
0.0
0.111111111111
0.0
0.111111111111
0.222222222222
0.0
0.0
0.0
0.111111111111
0.0
0.0
0.0
0.0
0.222222222222
0.0
0.222222222222
0.0
0.0
0.111111111111
0.0
0.0
0.0
0.333333333333
0.0
0.0
0.222222222222
0.0
0.111111111111
0.0
0.0
0.0
0.0
0.444444444444
0.0
0.0
0.0
0.111111111111
0.0
0.222222222222
0.0
0.0
0.0
0.0
0.222222222222
0.111111111111
0.0
0.333333333333
0.0
0.0
0.0
0.333333333333
0.0
0.0
0.333333333333
0.0
0.0
0.0
0.0
0.0
0.111111111111
