0.28125479854315055
0.26518733955220736
0.2520789505593298
0.2850572342708568
0.24070129118695988
0.2505648085204136
0.25088483675128936
0.2537675555895886
0.21927299228873146
0.2783466790322569
0.278489577334033
0.2804404553939447
0.3170750000415538
0.23126304803356568
0.23008778238731073
0.258004325474599
0.26164507587707075
0.25043902900162013
0.2683820399275563
0.3257529363657153
0.2671237545822088
0.28225328454970167
0.25966295050944843
0.25812990141346087
0.27492533965757115
0.2766968342330113
0.24413789496941068
0.2363755958598218
0.27212643626592037
0.2826134927532407
0.28645593596980473
0.3188381790609728
0.2571908810395219
0.3305724634624772
0.25670277772919753
0.29349541466131557
0.31203379954518434
0.260809605440439
0.2691824555802728
0.2683015705730272
0.27421055170177017
0.26083355506546957
0.23200650789686456
0.34437589347822467
0.2279094960199902
0.2524163124558949
0.27183124250530355
0.2722743725402564
0.35823484346929996
0.22808391337071554
0.27611455528367984
0.25689541085650985
0.2503968484943599
0.23786228902726625
0.2687072489435467
0.24486481135284213
0.3516985804252239
0.2638262407888026
0.3305186313074404
0.2468612765032619
0.24431520604005427
0.2627165573443602
0.2275738665362656
0.2663834271371112
0.26476820036094584
0.2828291125367886
0.32787692777985156
0.28054175341803667
0.21722025929997898
0.2714014866128841
0.2715601942346126
0.2676459715320912
0.26784352510933096
0.2558773320942664
0.2517787219834414
0.2286534723830319
0.2275705050637872
0.3240248385377224
0.26956238374471964
0.3594705216304831
0.3288168078601631
0.287702947943337
0.2561659388346633
0.2980790828346922
0.25012878216270473
0.36128027316389877
0.3505680616979596
0.25516361975999674
0.27285668808933267
0.279324686941545
0.3177762724449311
0.2228465324999838
0.2240652919325756
0.274822485008157
0.32717609776080836
0.2756455394299983
0.26478620814897685
0.26922115898849014
0.26752037355625
0.21536466088559292
