0.2764218432067268
0.26557866778365924
0.26822872951610033
0.23677227982882315
0.2956041260140538
0.26706919432844684
0.2794513693571769
0.24440205540897209
0.2869601524244145
0.2725730801957208
0.392566504460586
0.3383853123732701
0.27382048253117164
0.2729377054644258
0.25639349800782085
0.3940689304756024
0.2724289421494073
0.25975935034125225
0.2849661251147645
0.25870639742715734
0.290670274949314
0.23714805843897344
0.26168417752260725
0.3058758491303026
0.2671329710829685
0.2582620064862264
0.2772492689463691
0.28393894895515515
0.24620435272672894
0.2529032194317537
0.2852779145333843
0.3338355384950048
0.2701324874655446
0.27419035630309524
0.26778432026887267
0.2522332888456593
0.23495866711986768
0.27484632833442285
0.25425335061589555
0.2972516548489859
0.28177599529690917
0.25892572470393577
0.2935784305191041
0.28734522618910613
0.2540028722170844
0.3931867919202133
0.2761767094489557
0.2842379431339478
0.40970568029231524
0.26297326851334907
0.27655685490664156
0.3030381312337889
0.27613186050247346
0.28946748605305794
0.2784387133202476
0.2553864902329065
0.25380781505884287
0.2723591381413096
0.25641661748373956
0.30397019555381355
0.26276068888894266
0.2665364078609463
0.25895891668390497
0.2699465057362327
0.2586309651433334
0.2816024049623354
0.24989684906475115
0.25568058257596427
0.27715358531893564
0.23085500144416107
0.2542245905224559
0.24295966605086786
0.266534414352209
0.2802879750669188
0.28723132310292704
0.24663888703828352
0.28116701542186523
0.30446219059205676
0.279005368046489
0.2708375520191997
0.27245647840460396
0.25979755308156005
0.277651916202934
0.3037066226716153
0.27842484060947714
0.25943631137671797
0.2364630846068425
0.28641192277460437
0.29674738561466846
0.2836330158999646
0.27940308668608616
0.288867286251758
0.2638892790221926
0.27291826774425443
0.29690369221902724
0.257335082075742
0.2694210195891433
0.2881021983606573
0.2508552735788062
0.27723768184384234
