0.4727307354682073
0.45799344695246824
0.49175688916258575
0.46481705260993617
0.4321412679460395
0.44936064901638234
0.43810569358192464
0.4658251182663503
0.4577227892414898
0.4833647164997041
0.4941053126249681
0.4538740700232257
0.474415850748024
0.4620888670422685
0.47122628281876877
0.4396886201227196
0.4835185391729376
0.4985881690751795
0.4804761459425357
0.4645306775907845
0.45093167537182666
0.47472697866706615
0.47902234144712286
0.5260608827987187
0.5171457371810231
0.7597465079938279
0.46512242439839885
0.44858013676552067
0.5238238453558
0.474039628289891
0.485452985788609
0.5059152802184145
0.5004744442858823
0.4905673695774089
0.43451050346188097
0.4734722798887835
0.4719227169902932
0.49142224647027466
0.5243208148059934
0.45614385380492156
0.515308463490509
0.45288945485987236
0.4794039372807429
0.48321965223720625
0.4834340553619764
0.4778634342848014
0.4755749827329328
0.4506637730294132
0.47182010473131686
0.477388330993687
0.5099150561470469
0.453444837200978
0.49820908730454294
0.4644531562330652
0.4713918388639681
0.47497873543746905
0.5093734161979798
0.4773942673372157
0.5036522784092969
0.4299824814699825
0.4868728543402928
0.49205696087117173
0.5097610899229882
0.4722737698000611
0.4768215242957412
0.4886239776252903
0.489372270380358
0.4481555698355826
0.4630796489696726
0.48283606204427115
0.464056916830759
0.5202145424165774
0.43703674874631254
0.46601976876713075
0.44964211872593957
0.5292042694260024
0.532038105346499
0.4326448551795636
0.49444282494088904
0.5215483912957758
0.475832288570059
0.4861988965679297
0.483356357831833
0.4582101515954432
0.4802649161925771
0.4657920338686445
0.48005747759514267
0.48205713916292875
0.4207967974071894
0.48623569506686926
0.49238161469226166
0.4476490395718759
0.4424571899839062
0.4862361735007335
0.48875331053994603
0.484235626365606
0.5133823839897099
0.47658481217818294
0.42646927571948423
0.45597869076576303
