0.29231783896786745
0.22332460246553185
0.23648715497040843
0.2588695879764658
0.2413054373513359
0.24657123871120332
0.23455667988598106
0.2748025050179177
0.22122155411511044
0.2422061496866822
0.2510414012428498
0.22643172879191126
0.26005331588679587
0.3099045929608343
0.2545320434435789
0.2363702178318871
0.22074887014593705
0.2550586630144698
0.24462086204811853
0.2540737222429335
0.23159216109306302
0.23677734407086126
0.22558662250871692
0.23874000163452658
0.24342420173765403
0.23641587979888376
0.24046064891831045
0.238836361507347
0.22537026593060197
0.263675392752546
0.2381794935020271
0.24268244650269669
0.2555206673326243
0.23975440232587852
0.20837677094609255
0.2482799445400685
0.24280026106232652
0.3045744762716726
0.2824221141793618
0.24872442447123683
0.2384619307920654
0.24445313903858323
0.25049326146060086
0.26123838348310197
0.23615897033167318
0.24010513735276467
0.23942101217260126
0.26660943796477976
0.25201571418535756
0.24906088922008957
0.28128428670178945
0.22695549930675488
0.23877516285954303
0.23699385787755842
0.2888619164541728
0.2530530210801597
0.21248737324874442
0.24592962923907172
0.2439677614643192
0.24166600417029796
0.23348088553974902
0.2297518391624089
0.22205709860955955
0.2784733142669786
0.23710539591106208
0.23079566272897983
0.2968173147775233
0.23677981605585088
0.25716199965211534
0.2515582718163289
0.23320046255129537
0.2315117451317793
0.23445892882221975
0.23363585834414036
0.2549130226081673
0.2593686054947323
0.234346834059907
0.2595820694254833
0.24466943075521316
0.23842982183175154
0.24618147874527535
0.2898534542662152
0.22911076467896355
0.26631942795218716
0.24451591329029895
0.2087205350545526
0.2509637288192629
0.25439704101231936
0.24749498517288654
0.2751589235181977
0.29011209761874884
0.2541295008956677
0.20840409611642963
0.255430498425196
0.2371395753536338
0.2580923489809355
0.24330783250030696
0.22359450930331445
0.22385781945827077
0.24139215804912234
