0.37787515291695883
0.39633286395292694
0.3894735362607738
0.37546403501826603
0.4157090821278811
0.4146307499509652
0.3991601825051768
0.4023566573076212
0.40800381640599825
0.40068600794547177
0.3942102427954056
0.3866256529066527
0.4120745250551489
0.38470516357743306
0.3959875018946332
0.38924766273926736
0.4128159331921418
0.3879946281488246
0.41317110362895576
0.4030798047436912
0.39176861235014293
0.42254354269934397
0.3688828823231884
0.3881265002045879
0.3967300423059882
0.4061289527602712
0.39616494238495603
0.38183434134459254
0.38245239602058995
0.3935238479018023
0.40555418470846893
0.41864526457726736
0.39824253671318993
0.3854401784981402
0.4098237875038425
0.3900896749176127
0.3803171666473456
0.3963363617128652
0.3675188925223707
0.3803274984621448
0.4041492984021972
0.41315730196249506
0.4128041266693322
0.3813022359231141
0.40006578935457426
0.3991156786205199
0.4133655426611913
0.4015839752749072
0.3861047887097824
0.3710978113377364
0.38710607136602443
0.39299802231657893
0.3785483902125699
0.5501256352588769
0.4210355830576158
0.39392079445752365
0.4016554582091814
0.39001555966544504
0.38989422279395647
0.38058878001773033
0.3922901132967995
0.3750358752230653
0.41904620876058213
0.39790135077758404
0.4310695778689081
0.41957215517906715
0.3804436642584716
0.4263698638033057
0.4214362778959379
0.4175510534393485
0.37355129748477395
0.3673295005895455
0.389407199087155
0.4235164348989101
0.41007243664940224
0.3749774213630066
0.37822467349013045
0.42114852222155486
0.4098970219383101
0.4020445242654049
0.40029116571070017
0.3481489946198271
0.39202443965874895
0.3975199550453503
0.4048191923098977
0.398323608030597
0.3960258748462551
0.38374578864308456
0.4104410683684093
0.4074617059745254
0.36703985600260747
0.38555647803445536
0.40184389205514137
0.43261061038761367
0.38899538291109065
0.44045401620171964
0.40216648125209686
0.40923900922415557
0.4326725809658786
0.41209697414777874
