0.7924027055941387
0.7986955714036904
0.7852343098860195
0.7878649859941249
0.7686018157869864
0.7831497763814482
0.766298151406417
0.773545600447661
0.7709192937549754
0.7693888285246464
0.7811880274465214
0.7862183266385625
0.7710679640546944
0.7521798061217391
0.7997835173448633
0.7646539871725382
0.7994835545801648
0.8114755064682617
0.7517791385892225
0.804126928479649
0.7813406990423725
0.8008108036020367
0.7499814980468826
0.8010505314147592
0.7929717441532671
0.769279534231683
0.7644351108417983
0.7607359775618798
0.8153237396063567
0.8094353339373507
0.7828558236105659
0.7649539698691319
0.7950762884180494
0.7938846077455604
0.7974529841544484
0.8003407822696621
0.7649915056310731
0.8087490988886761
0.7684566362899713
0.7908068542457065
0.8032566388078332
0.7490768209494689
0.7595179480319391
0.8238413903587135
0.7687742333575978
0.8055060128565011
0.7807051084299501
0.7493695612136726
0.787813875323599
0.8279721813706971
0.787554084388756
0.7671867653812643
0.8030202122685269
0.7868433883001602
0.7466424789973458
0.793804291515899
0.800808244633147
0.7499710262950844
0.7520006084464166
0.7850589070110643
0.783095291774404
0.797087058615333
0.7906352180684341
0.7832257862395557
0.7682226648866539
0.7792210825671348
0.808629295098735
0.8277333290151278
0.8034755240455702
0.7884836306448127
0.802114809143454
0.7877847505783164
0.8279906746198193
0.809060428528729
0.8231801637467946
0.7710222451011295
0.809715372047799
0.8059986815142297
0.7606884063254312
0.7757439307824514
0.8040497070764886
0.7664927456422176
0.7915222143824551
0.7991640884467534
0.8086751339564523
0.7880686733086143
0.8071322516237005
0.8170666972685644
0.8010319076227731
0.8009011679801626
0.8070429684252235
0.8032929184616205
0.7853337106553147
0.7995015389018285
0.8029041632612829
0.7686781468320413
0.7901147152157676
0.8043339101428116
0.7978503317974218
0.7952307845013142
