0.09690837381925349
0.10759306474191495
0.10544948464358364
0.10060301366122959
0.14830025578266307
0.10834831646626704
0.09692980853804163
0.10272077067913564
0.10939245261758396
0.09891904805425647
0.10018176194956549
0.09975930990282489
0.10201019364231675
0.15625531318177968
0.09452069837785232
0.11378132810399316
0.11479502494222181
0.09500483185466208
0.12796107252240727
0.1009099838297683
0.10547873305463319
0.1069395168960283
0.10989873406116882
0.10134843129964434
0.09834141160386925
0.09324132923106676
0.096107694027447
0.11462360699173604
0.09378091474951154
0.11473847233154777
0.09112665383825115
0.10396651292022711
0.11621720279108112
0.11236521936038814
0.1029654750779688
0.10124135238742349
0.11136715273721136
0.10936510269057391
0.10324783635908687
0.09195104718859051
0.09820057748302093
0.10686013282044822
0.12516762182451968
0.12778580334039155
0.11943226370489503
0.11535457117050447
0.1169498731432918
0.10647880801227255
0.11934226948272882
0.10414010351070485
0.11375647885205513
0.13985079448932483
0.10270447058273174
0.10539385645830206
0.11264562332427173
0.08618227188904803
0.1172353868891883
0.12067801973813927
0.10777892133324984
0.09692263948115742
0.10713861121676661
0.10190495725405439
0.09417661512517708
0.11319266551817912
0.13543940224288667
0.106681054425437
0.10599996165594971
0.12332192777593895
0.12582455794200503
0.1055514633048118
0.1149094146090705
0.1244410825886936
0.09539375102656171
0.10645064358967399
0.11689608796214718
0.09387672865375747
0.1093208116912167
0.10790614528591026
0.10008172825450358
0.09643273014463864
0.10423219399124488
0.11739158074616705
0.10198251005657563
0.09617659913041124
0.13703708639261117
0.10018489222910346
0.10380371207848488
0.10565996345679002
0.09912840693104906
0.10034561801954446
0.10396952887919865
0.12767599049145048
0.09430460226725058
0.12526781362736378
0.09767002436502369
0.11534612860486447
0.11277181546704651
0.14350893247828722
0.10932221049669294
0.10448539662931196
0.1452283771191033
0.16195880568894203
0.15140584387390169
0.13508542965518494
0.14254840731122645
0.13938492607512673
0.15143858345454506
0.15011532544040865
0.15214223781336378
0.12939708871015773
0.1395078480255471
0.15440480160561085
0.1693289595036997
0.13307940323761988
0.1816955556562947
0.14486698376673926
0.14369913862698563
0.1298756144329909
0.12952091735728172
0.13417409404363934
0.14329040610342966
0.11494826513952064
0.1393099664766475
0.13620542885225065
0.12272372219085599
0.15492311537826414
0.13580048958201235
0.13735958402188303
0.13147347978624624
0.1432072896162716
0.15120446085446576
0.13260191937040428
0.13506402876186485
0.15050939623950382
0.12239033350249197
0.1284197923069464
0.14960793023949923
0.13265583360204977
0.13062561222066738
0.13970002748822274
0.14140234947839225
0.13305273752936295
0.12601455400300918
0.11952525804244211
0.13207457684252982
0.1483590289870876
0.11952863179171239
0.14788130447188014
0.14289212700420967
0.14619311787754188
0.14970979711230928
0.1435803255044211
0.15244565272173155
0.12078459087873608
0.1625394395474146
0.1381761573176228
0.1286339194576903
0.14612745504879265
0.1113254392940656
0.14858986770046312
0.13634834808164537
0.15088768120320908
0.1322723653300871
0.16332116209906414
0.1708832117476956
0.13072344752513732
0.1528066929112744
0.1374420929570146
0.12842863022378673
0.15568606658373588
0.13060930614755095
0.18420500190758274
0.12928484084811775
0.12879016467047052
0.1463127429767602
0.12973778765135782
0.1432349814304553
0.15115932940175383
0.13295970979340868
0.12206169755978798
0.14892331972773107
0.13984145838501388
0.17047515139441244
0.16666707976699274
0.15392499008192695
0.13970553428320895
0.15015156532091786
0.14649586164307754
0.14379300185248045
0.1471611806790544
0.15463501090289006
0.12905696825457957
0.13932983049114026
0.1554577098297056
0.12366102990224181
0.1307110809630185
0.12884451151488932
0.12461444275157389
0.11922425024670383
0.11527208626052499
