14 8 4 3
1 10 1 1
10 11 1 1
7 13 3 2
- - - 2 
11 12 1 1
8 5 4 3
12 5 1 1
6 5 2 2
- - - 3 
15 9 5 3
1 10 1 1
10 11 1 1
13 5 3 2
9 5 5 3
7 13 3 2
- - - 1 
- - - 1 
11 12 1 1
12 5 1 1
1 10 1 1
10 11 1 1
14 8 4 3
- - - 1 
13 5 3 2
- - - 2 
6 5 2 2
15 9 5 3
11 12 1 1
12 5 1 1
1 10 1 1
9 5 5 3
- - - 2 
6 5 2 2
10 11 1 1
- - - 1 
8 5 4 3
11 12 1 1
12 5 1 1
- - - 3 
- - - 1 
7 13 3 2
- - - 3 
13 5 3 2
1 10 1 1
15 9 5 3
10 11 1 1
11 12 1 1
12 5 1 1
7 13 3 2
1 10 1 1
10 11 1 1
6 5 2 2
14 8 4 3
11 12 1 1
13 5 3 2
8 5 4 3
- - - 1 
9 5 5 3
12 5 1 1
