0.3361362491598357
0.36124795257963555
0.3477898299726803
0.34620007837678174
0.34072693182548897
0.34907351272151854
0.37743810853820825
0.3593329315817801
0.35950931839036665
0.31691538794706503
0.3755741356898
0.33915067739901467
0.36684046147737065
0.36264615078668067
0.3678402063683933
0.34797558601862094
0.396654854777459
0.4571367023553919
0.3463969618426101
0.35902523068617287
0.3435371027842116
0.3471869579928696
0.35463883962908366
0.34498249959732274
0.3070863978779296
0.39939626690029373
0.3246011157961666
0.33536874085217133
0.3489343633186237
0.35227244445724515
0.3575427237336124
0.3351213007012145
0.35054671499528434
0.3669184404693002
0.3399268517033164
0.31467814947401385
0.4900508307747881
0.3637976847059493
0.34869732506456863
0.35273375218748637
0.37228660814108244
0.31595532345916977
0.5066928996679607
0.34920505866859786
0.36924185789604175
0.37728492819051684
0.3409134794607139
0.3613284244415415
0.33221731123971343
0.36389341380279494
0.40153593016302025
0.3643642764881202
0.31066813777058305
0.35858626190552145
0.3442819528475515
0.3431558691001659
0.345043816869632
0.30262836456124287
0.3496047699083128
0.37249157573644387
0.34788685604053343
0.36708854775668676
0.32665110188764496
0.3392927795617472
0.3325858683119297
0.3561540501358106
0.3556035989618843
0.33520661469584273
0.3390398710166598
0.45679753305418075
0.3434548098622439
0.33281223891212536
0.34560747419295
0.3525699647040438
0.3500849610291997
0.3434666954967206
0.3618309156194193
0.36584792651497894
0.3474267071893917
0.37581452490761835
0.48691884006712605
0.36439302464509465
0.3334343801027122
0.3757593692908976
0.36099281604156236
0.36957065689083296
0.33478115312700074
0.33895459088277496
0.3064723573376876
0.32559719725351705
0.36061643152120504
0.3512297077861259
0.3504066193041751
0.3304475726578343
0.3564502774741442
0.3307982861582241
0.3450446007028079
0.3334709030059998
0.34442447378036867
0.33611490980372677
0.37787515291695883
0.39633286395292694
0.3894735362607738
0.37546403501826603
0.4157090821278811
0.4146307499509652
0.3991601825051768
0.4023566573076212
0.40800381640599825
0.40068600794547177
0.3942102427954056
0.3866256529066527
0.4120745250551489
0.38470516357743306
0.3959875018946332
0.38924766273926736
0.4128159331921418
0.3879946281488246
0.41317110362895576
0.4030798047436912
0.39176861235014293
0.42254354269934397
0.3688828823231884
0.3881265002045879
0.3967300423059882
0.4061289527602712
0.39616494238495603
0.38183434134459254
0.38245239602058995
0.3935238479018023
0.40555418470846893
0.41864526457726736
0.39824253671318993
0.3854401784981402
0.4098237875038425
0.3900896749176127
0.3803171666473456
0.3963363617128652
0.3675188925223707
0.3803274984621448
0.4041492984021972
0.41315730196249506
0.4128041266693322
0.3813022359231141
0.40006578935457426
0.3991156786205199
0.4133655426611913
0.4015839752749072
0.3861047887097824
0.3710978113377364
0.38710607136602443
0.39299802231657893
0.3785483902125699
0.5501256352588769
0.4210355830576158
0.39392079445752365
0.4016554582091814
0.39001555966544504
0.38989422279395647
0.38058878001773033
0.3922901132967995
0.3750358752230653
0.41904620876058213
0.39790135077758404
0.4310695778689081
0.41957215517906715
0.3804436642584716
0.4263698638033057
0.4214362778959379
0.4175510534393485
0.37355129748477395
0.3673295005895455
0.389407199087155
0.4235164348989101
0.41007243664940224
0.3749774213630066
0.37822467349013045
0.42114852222155486
0.4098970219383101
0.4020445242654049
0.40029116571070017
0.3481489946198271
0.39202443965874895
0.3975199550453503
0.4048191923098977
0.398323608030597
0.3960258748462551
0.38374578864308456
0.4104410683684093
0.4074617059745254
0.36703985600260747
0.38555647803445536
0.40184389205514137
0.43261061038761367
0.38899538291109065
0.44045401620171964
0.40216648125209686
0.40923900922415557
0.4326725809658786
0.41209697414777874
