0.16515386700401075
0.1447642359465169
0.1781085470996524
0.14753346844223986
0.15612195161012402
0.19530703022403909
0.14764374369456845
0.15317673284510838
0.20276107076687178
0.14900600823042587
0.16387402283367147
0.1810734136676939
0.1598290303505548
0.15236279802569572
0.14378822516290402
0.15193771304405862
0.1447079995761011
0.1516014927804359
0.17354266702926202
0.16028807075351245
0.1854708142556621
0.16619807465058828
0.16913441554648678
0.17959417328948846
0.21960659806703153
0.16027570156775722
0.1408481136525925
0.13745081259825911
0.15960015900670882
0.16983410144211786
0.22249527912146924
0.17128128040795895
0.18836857210383925
0.14014515296973656
0.24814864273881232
0.16530147535083115
0.1643606837632709
0.15830828687713508
0.15262015171770088
0.15577511030761332
0.15908402780526412
0.14799846266229721
0.14546652953361316
0.18460421990279038
0.20810677750078432
0.14121500097851758
0.1693873573586827
0.14433513272782916
0.1495440455985131
0.2069997137837077
0.16748153058924012
0.14170674393587612
0.13519267707302132
0.13137400109310934
0.2114136299999535
0.22920020138115324
0.16663000115822885
0.20537169634968516
0.15442121895555272
0.16296148408037653
0.18563895843315978
0.15812559754244856
0.16587576425128278
0.15361442060369548
0.16354571381407468
0.1651741153101125
0.1716284352699054
0.1437880860501891
0.1791086058562313
0.15704619905523454
0.1501445970292766
0.19513098814993965
0.17655573414786188
0.19688285567312194
0.15270437658129157
0.16712136426033505
0.1523823823729822
0.1534964849388731
0.15976426090938134
0.1792111170385129
0.17479565626772436
0.1579466708006468
0.16881581922753755
0.15112728523528884
0.14382140542415162
0.15755656529919715
0.21613925858095187
0.17284487501384452
0.14233602043005913
0.16135391692696108
0.173899366905726
0.16770837234546462
0.15009456645694638
0.15436267633298636
0.18637482760733537
0.17126677494165543
0.14427371060690924
0.21659891507350265
0.16190738452687314
0.14269279940496718
