1.0022509855970916
1.0019956219023238
1.0025086583916434
1.0014793470122134
1.002583278051218
1.0013422481279655
1.0015147586722215
1.0026627424049626
1.0022335770584951
1.002693997447323
1.0007997890024645
1.0022362672889378
1.001785622761644
1.0016371074143104
1.001965395073222
1.0002478189980963
1.0019720282125673
1.0009855423115102
1.0023026613803976
1.001998310818249
1.002303705747108
1.001054413882261
1.0029676793170632
1.0016034813974377
1.0181501180897432
1.0010638112477548
1.0189369127560988
1.0018313645764614
1.0031978776377959
1.0010395513138408
1.0009907300058754
1.00303912664285
1.0187388869718002
1.0014106009339079
1.0020460280381533
1.0020774222432742
1.019428120363727
1.018691628923741
1.0025916166501314
1.000683884822556
1.0025636976668102
1.0034764609004154
1.0186076588474877
1.0025903400828664
1.002163370582988
1.000607011874079
1.0010346025234305
1.0021226192116248
1.001368022052017
1.0017124929987171
1.0019351783626829
1.0019101544988616
1.0030951307044378
1.0010765659677128
1.0010852476700816
1.0016734956264646
1.0009485258161663
1.0022746450452396
1.0018895207901428
1.0014798291261195
1.0023433135930933
1.0017479430585639
1.0020438633882869
1.0194087657439441
1.0016537816980144
1.0021301615388711
1.001751764352561
1.0022256398559508
1.0016072204781719
1.0011670687145657
1.001991992429949
1.0017855850486335
1.0015661128245688
1.0028023759158005
1.0011148764795663
1.0004646324023125
1.0005511895395545
1.0017187246920467
1.001347454292367
1.001932162987573
1.0015681493043647
1.0015275637314696
1.0009395954329143
1.0009813603240616
1.0014325825695614
1.0017837350469379
1.0020235303045768
1.00177496629536
1.0016596276279355
1.0020573647795439
1.0018328294793195
1.001097569280295
1.003283139903161
1.0015583012656708
1.0020278128489184
1.0023238470509332
1.0012200748176459
1.0016090846637278
1.0017375426232178
1.000654610204098
