0.15699273806385003
0.12141405334667606
0.10365574436539408
0.11327900322923691
0.1354331170226381
0.10867781644776987
0.12301731423518363
0.11080845222786204
0.10649225052699222
0.11010457856808016
0.12230044122702367
0.1177013500094457
0.11633594499964277
0.11692035129677102
0.10201266204233655
0.11086416686311842
0.13428303077604373
0.10363513398413589
0.11549322463757165
0.10803852461054793
0.11499836148858056
0.11173463884354247
0.12144039584845964
0.12452208002694762
0.11386468613740307
0.10953605926775406
0.13438493347028418
0.13180106071889916
0.1244529326255311
0.12513286780680605
0.11120343057630498
0.09015954554440027
0.10956397215571491
0.113667981722426
0.12228308101063401
0.1604740377939148
0.11316407015005721
0.12007677133628644
0.10255778183108913
0.11381153857168506
0.12144798234733732
0.09319872117576553
0.12825098246040936
0.11895785745403871
0.12320572370647312
0.1257225379549541
0.16374315878366225
0.12335376056048752
0.11904804161104146
0.11413687914562881
0.12421331327956059
0.12791576887608758
0.11421107742265858
0.11920719833080469
0.13493480046330342
0.12996067044910956
0.1292154402231072
0.13837283521148053
0.10616260636169772
0.11538526283209838
0.11951559557765284
0.11179138235490468
0.10646562140979253
0.12085929141442048
0.11128741340794905
0.12574942769851016
0.1019179470982983
0.1278190548133527
0.12616360348051184
0.12360275780747458
0.1763072935918738
0.09744982066529478
0.12370205463493035
0.10297541828565274
0.13389173819342218
0.10805057880462929
0.11778137724864562
0.11155733521839983
0.10912023612548555
0.12160530153604487
0.16865000318970974
0.11333179150261297
0.12833965237747397
0.16244422763208963
0.12419029496583345
0.11798623045205683
0.11619276445637444
0.11230674531364696
0.1138438960086241
0.08307804352343688
0.1366224433924851
0.1336757189772541
0.12609469964996917
0.17628365351265327
0.12591321915037207
0.11522979906078537
0.12089836208398438
0.10324542169707723
0.13341689325802392
0.1056086014058712
