0
0
0
0
0
0
0
0
0
0
0
0
0
0
0
0
0
0
0
0
0
0
0
0
0
0
0
0
0
0
0
0
0
0
0
0
0
0
0
0
0
0
0
0
0
0
0
0
0
0
0
0
0
0
0
0
0
0
0
0
0.0
0.0
0.0
0.0
0.0
0.0
0.0
0.0
0.0
0.0
0.0
0.0
0.0
0.0
0.0
0.0
0.0
0.0
0.0
0.0
0.0
0.0
0.0
0.0
0.0
0.0
0.0
0.0
0.0
0.0
0.0
0.0
0.0
0.0
0.0
0.0
0.0
0.0
0.0
0.0
0.0
0.0
0.0
0.0
0.0
0.0
0.0
0.0
0.0
0.0
0.0
0.0
0.0
0.0
0.0
0.0
0.0
0.0
0.0
0.0
0.0
0.0
0.0
0.0
0.0
0.0
0.0
0.0
0.0
0.0
0.0
0.0
0.0
0.0
0.0
0.0
0.0
0.0
0.0
0.0
0.0
0.0
0.0
0.0
0.0
0.0
0.0
0.0
0.0
0.0
0.0
0.0
0.0
0.0
0.0
0.0
0.0
0.0
0.0
0.0
0.0
0.0
0.0
0.0
0.0
0.0
0.0
0.0
0.0
0.0
0.0
0.0
0.0
0.0
0.0
0.0
0.0
0.0
0.0
0.0
0.0
0.0
0.0
0.0
0.0
0.0
0.0
0.0
0.0
0.0
0.0
0.0
0.0
0.0
0.0
0.0
0.0
0.0
0.25
0.0
0.0
0.0
0.0
0.0
0.0
0.25
0.0
0.0
0.0
0.0
0.0
0.0
0.0
0.0
0.0
0.0
0.0
0.0
0.0
0.0
0.0
0.0
0.0
0.0
0.0
0.0
0.0
0.0
0.0
0.0
0.0
0.0
0.0
0.0
0.0
0.0
0.0
0.0
0.0
0.0
0.0
0.0
0.2
0.0
0.0
0.0
0.0
0.0
0.0
0.0
0.0
0.0
0.0
0.0
0.0
0.0
0.0
0.0
0.0
0.0
0.0
0.0
0.0
0.0
0.0
0.0
0.0
0.2
0.0
0.0
0.2
0.0
0.0
0.0
0.0
0.0
0.0
0.0
0.0
0.0
0.0
0.0
0.0
0.0
0.0
0.0
0.0
0.2
0.0
0.0
0.0
0.0
0.0
0.0
0.0
0.0
0.0
0.0
0.0
0.0
0.0
0.0
0.0
0.0
0.0
0.0
0.0
0.0
0.0
0.0
0.0
0.0
0.0
0.0
0.0
0.16666666666666666
0.0
0.0
0.0
0.0
0.0
0.0
0.0
0.0
0.0
0.0
0.0
0.0
0.0
0.0
0.0
0.0
0.16666666666666666
0.0
0.0
0.0
0.0
0.0
0.0
0.0
0.0
0.0
0.0
0.0
0.0
0.0
0.0
0.0
0.0
0.0
0.0
0.16666666666666666
0.16666666666666666
0.0
0.0
0.0
0.0
0.0
0.0
0.0
0.0
0.0
0.0
0.0
0.0
0.0
0.0
0.0
0.14285714285714285
0.0
0.0
0.0
0.0
0.0
0.0
0.0
0.0
0.0
0.0
0.0
0.14285714285714285
0.0
0.0
0.0
0.0
0.42857142857142855
0.0
0.0
0.0
0.0
0.0
0.0
0.0
0.0
0.14285714285714285
0.0
0.14285714285714285
0.0
0.0
0.0
0.0
0.0
0.0
0.0
0.0
0.0
0.0
0.0
0.0
0.0
0.0
0.0
0.0
0.0
0.2857142857142857
0.0
0.0
0.0
0.0
0.0
0.0
0.0
0.0
0.0
0.0
0.0
0.0
0.0
0.0
0.0
0.0
0.0
0.125
0.0
0.0
0.0
0.0
0.0
0.0
0.0
0.0
0.125
0.0
0.0
0.0
0.0
0.0
0.0
0.0
0.0
0.0
0.125
0.0
0.0
0.0
0.0
0.0
0.0
0.125
0.0
0.0
0.0
0.0
0.0
0.0
0.0
0.0
0.0
0.0
0.0
0.0
0.0
0.0
0.0
0.125
0.0
0.0
0.0
0.0
0.0
0.0
0.0
0.0
0.1111111111111111
0.0
0.0
0.0
0.0
0.0
0.0
0.0
0.0
0.0
0.0
0.0
0.0
0.0
0.0
0.0
0.0
0.0
0.0
0.0
0.0
0.1111111111111111
0.4444444444444444
0.0
0.0
0.0
0.0
0.2222222222222222
0.0
0.0
0.0
0.0
0.0
0.0
0.0
0.0
0.0
0.0
0.0
0.0
0.0
0.0
0.2222222222222222
0.0
0.0
0.0
0.1111111111111111
0.0
0.0
0.2222222222222222
0.0
0.0
0.0
0.0
0.0
0.0
0.0
0.0
0.0
0.0
0.0
0.1
0.0
0.0
0.0
0.0
0.1
0.0
0.0
0.1
0.0
0.1
0.0
0.0
0.0
0.0
0.0
0.0
0.0
0.0
0.0
0.0
0.0
0.0
0.0
0.1
0.0
0.1
0.0
0.2
0.0
0.0
0.0
0.0
0.0
0.0
0.0
0.0
0.0
0.0
0.0
0.0
0.0
0.0
0.0
0.0
0.0
0.0
0.0
0.0
0.0
0.0
0.0
0.1
0.0
0.0
0.0
0.0
0.09090909090909091
0.09090909090909091
0.0
0.0
0.0
0.0
0.0
0.18181818181818182
0.0
0.0
0.0
0.0
0.0
0.09090909090909091
0.09090909090909091
0.0
0.09090909090909091
0.0
0.0
0.18181818181818182
0.0
0.0
0.0
0.0
0.45454545454545453
0.0
0.0
0.09090909090909091
0.09090909090909091
0.09090909090909091
0.0
0.0
0.0
0.18181818181818182
0.0
0.18181818181818182
0.0
0.0
0.09090909090909091
0.0
0.0
0.0
0.0
0.0
0.2727272727272727
0.09090909090909091
0.0
0.0
0.18181818181818182
0.0
0.0
0.0
0.0
0.2727272727272727
0.0
0.09090909090909091
0.09090909090909091
0.0
0.0
0.0
0.08333333333333333
0.0
0.0
0.0
0.0
0.0
0.0
0.0
0.16666666666666666
0.0
0.0
0.0
0.0
0.0
0.0
0.0
0.0
0.0
0.0
0.08333333333333333
0.0
0.0
0.0
0.0
0.4166666666666667
0.0
0.0
0.0
0.0
0.0
0.0
0.0
0.0
0.0
0.0
0.0
0.16666666666666666
0.0
0.0
0.16666666666666666
0.0
0.0
0.0
0.08333333333333333
0.0
0.0
0.0
0.0
0.0
0.0
0.0
0.0
0.08333333333333333
0.0
0.0
0.0
0.0
0.0
0.0
0.0
0.07692307692307693
0.0
0.15384615384615385
0.0
0.0
0.0
0.0
0.0
0.0
0.0
0.0
0.0
0.0
0.0
0.0
0.0
0.0
0.0
0.07692307692307693
0.0
0.0
0.07692307692307693
0.0
0.0
0.0
0.07692307692307693
0.0
0.07692307692307693
0.0
0.07692307692307693
0.0
0.0
0.0
0.07692307692307693
0.07692307692307693
0.0
0.0
0.0
0.0
0.0
0.0
0.0
0.0
0.07692307692307693
0.3076923076923077
0.07692307692307693
0.0
0.0
0.0
0.0
0.0
0.0
0.0
0.15384615384615385
0.07692307692307693
0.0
0.0
0.0
0.0
0.0
0.07142857142857142
0.0
0.0
0.0
0.0
0.0
0.07142857142857142
0.07142857142857142
0.07142857142857142
0.0
0.0
0.07142857142857142
0.0
0.0
0.0
0.0
0.0
0.14285714285714285
0.0
0.21428571428571427
0.0
0.0
0.0
0.07142857142857142
0.5
0.0
0.0
0.0
0.0
0.0
0.0
0.0
0.07142857142857142
0.07142857142857142
0.0
0.21428571428571427
0.0
0.0
0.0
0.0
0.0
0.07142857142857142
0.07142857142857142
0.07142857142857142
0.0
0.07142857142857142
0.07142857142857142
0.0
0.0
0.07142857142857142
0.0
0.0
0.14285714285714285
0.2857142857142857
0.0
0.0
0.0
0.0
0.0
0.06666666666666667
0.13333333333333333
0.0
0.2
0.0
0.0
0.0
0.0
0.0
0.0
0.0
0.0
0.0
0.06666666666666667
0.0
0.0
0.0
0.0
0.0
0.13333333333333333
0.0
0.06666666666666667
0.13333333333333333
0.0
0.0
0.0
0.13333333333333333
0.0
0.13333333333333333
0.06666666666666667
0.13333333333333333
0.0
0.0
0.0
0.13333333333333333
0.13333333333333333
0.0
0.0
0.13333333333333333
0.0
0.0
0.0
0.0
0.0
0.13333333333333333
0.3333333333333333
0.13333333333333333
0.0
0.0
0.0
0.0
0.0
0.0
0.0
0.2
0.13333333333333333
0.0
0.0
0.06666666666666667
0.0
0.0
0.0
0.0
0.0
0.125
0.0625
0.0625
0.0
0.0
0.0
0.0
0.0
0.0625
0.0
0.0
0.0
0.0
0.0
0.0
0.0
0.0
0.0
0.0
0.0625
0.0
0.0
0.0
0.0
0.0
0.0
0.1875
0.0
0.0
0.0
0.0
0.0
0.0
0.0
0.0
0.0
0.0
0.0
0.0625
0.0
0.1875
0.0625
0.0
0.0
0.0
0.0
0.0
0.125
0.0
0.0
0.0
0.0
0.0
0.0
0.0
0.0
0.0
0.0
0.0
0.0
0.0
0.0
0.0
0.0
0.0
0.058823529411764705
0.058823529411764705
0.0
0.0
0.0
0.0
0.0
0.0
0.0
0.0
0.0
0.0
0.0
0.0
0.0
0.058823529411764705
0.0
0.0
0.0
0.0
0.0
0.0
0.0
0.0
0.0
0.0
0.058823529411764705
0.058823529411764705
0.0
0.0
0.0
0.0
0.0
0.0
0.058823529411764705
0.058823529411764705
0.0
0.0
0.0
0.0
0.0
0.0
0.0
0.0
0.058823529411764705
0.29411764705882354
0.0
0.0
0.0
0.0
0.0
0.0
0.16666666666666666
0.05555555555555555
0.2222222222222222
0.05555555555555555
0.0
0.0
0.0
0.0
0.0
0.0
0.0
0.0
0.0
0.0
0.05555555555555555
0.0
0.0
0.0
0.05555555555555555
0.0
0.0
0.0
0.0
0.1111111111111111
0.4444444444444444
0.0
0.0
0.1111111111111111
0.0
0.2222222222222222
0.0
0.0
0.0
0.0
0.0
0.05555555555555555
0.16666666666666666
0.05555555555555555
0.0
0.16666666666666666
0.0
0.0
0.0
0.0
0.3333333333333333
0.0
0.1111111111111111
0.0
0.16666666666666666
0.0
0.0
0.16666666666666666
0.05555555555555555
0.0
0.0
0.0
0.05555555555555555
0.0
0.0
0.0
0.15789473684210525
0.0
0.05263157894736842
0.0
0.0
0.05263157894736842
0.0
0.0
0.15789473684210525
0.05263157894736842
0.0
0.0
0.0
0.0
0.0
0.05263157894736842
0.0
0.0
0.0
0.10526315789473684
0.0
0.0
0.0
0.0
0.42105263157894735
0.0
0.0
0.0
0.0
0.0
0.05263157894736842
0.0
0.0
0.0
0.05263157894736842
0.0
0.15789473684210525
0.15789473684210525
0.0
0.15789473684210525
0.05263157894736842
0.0
0.0
0.10526315789473684
0.05263157894736842
0.0
0.0
0.05263157894736842
0.05263157894736842
0.0
0.05263157894736842
0.0
0.15789473684210525
0.0
0.0
0.0
0.0
0.0
0.0
0.0
0.2
0.1
0.0
0.0
0.0
0.0
0.0
0.05
0.0
0.0
0.0
0.0
0.0
0.1
0.1
0.0
0.0
0.0
0.0
0.0
0.0
0.0
0.0
0.0
0.0
0.0
0.0
0.0
0.1
0.1
0.0
0.0
0.1
0.15
0.1
0.0
0.0
0.0
0.1
0.0
0.0
0.0
0.1
0.1
0.0
0.0
0.0
0.0
0.2
0.05
0.0
0.0
0.0
0.0
0.15
0.0
0.0
0.0
0.0
0.0
0.0
0.0
0.0
0.0
0.0
0.0
0.0
0.047619047619047616
0.09523809523809523
0.09523809523809523
0.0
0.0
0.0
0.047619047619047616
0.0
0.047619047619047616
0.0
0.0
0.0
0.0
0.09523809523809523
0.09523809523809523
0.0
0.09523809523809523
0.0
0.0
0.047619047619047616
0.0
0.0
0.0
0.09523809523809523
0.047619047619047616
0.047619047619047616
0.0
0.09523809523809523
0.14285714285714285
0.0
0.0
0.0
0.0
0.0
0.047619047619047616
0.09523809523809523
0.09523809523809523
0.0
0.0
0.0
0.047619047619047616
0.0
0.0
0.0
0.0
0.09523809523809523
0.2857142857142857
0.0
0.0
0.0
0.0
0.0
0.0
0.0
0.0
0.0
0.0
0.0
0.0
0.0
0.0
0.0
0.0
0.0
0.09090909090909091
0.045454545454545456
0.0
0.0
0.0
0.045454545454545456
0.045454545454545456
0.0
0.0
0.0
0.09090909090909091
0.0
0.0
0.0
0.0
0.0
0.09090909090909091
0.0
0.0
0.09090909090909091
0.13636363636363635
0.13636363636363635
0.0
0.0
0.13636363636363635
0.0
0.045454545454545456
0.0
0.0
0.0
0.0
0.09090909090909091
0.0
0.0
0.0
0.0
0.045454545454545456
0.0
0.0
0.0
0.0
0.0
0.0
0.0
0.0
0.045454545454545456
0.0
0.0
0.0
0.17391304347826086
0.0
0.08695652173913043
0.0
0.0
0.08695652173913043
0.0
0.0
0.17391304347826086
0.08695652173913043
0.0
0.0
0.0
0.0
0.0
0.08695652173913043
0.0
0.0
0.0
0.13043478260869565
0.0
0.0
0.0
0.0
0.43478260869565216
0.0
0.0
0.0
0.0
0.0
0.08695652173913043
0.0
0.0
0.0
0.08695652173913043
0.0
0.21739130434782608
0.17391304347826086
0.0
0.21739130434782608
0.08695652173913043
0.0
0.0
0.17391304347826086
0.08695652173913043
0.0
0.0
0.08695652173913043
0.08695652173913043
0.0
0.08695652173913043
0.0
0.17391304347826086
0.0
0.0
0.0
0.0
0.0
0.0
0.0
0.0
0.0
0.0
0.125
0.08333333333333333
0.08333333333333333
0.0
0.0
0.0
0.0
0.0
0.125
0.0
0.0
0.0
0.0
0.0
0.08333333333333333
0.0
0.0
0.125
0.16666666666666666
0.08333333333333333
0.0
0.0
0.041666666666666664
0.041666666666666664
0.0
0.041666666666666664
0.20833333333333334
0.125
0.0
0.0
0.041666666666666664
0.0
0.0
0.0
0.0
0.0
0.0
0.041666666666666664
0.08333333333333333
0.0
0.20833333333333334
0.08333333333333333
0.0
0.0
0.0
0.0
0.0
0.125
0.0
0.0
0.0
0.0
0.0
0.0
0.041666666666666664
0.0
0.08
0.2
0.0
0.0
0.0
0.0
0.0
0.0
0.0
0.0
0.0
0.0
0.08
0.0
0.0
0.12
0.0
0.0
0.0
0.0
0.0
0.0
0.0
0.0
0.0
0.0
0.0
0.0
0.12
0.0
0.0
0.0
0.08
0.16
0.16
0.16
0.0
0.24
0.0
0.0
0.04
0.0
0.0
0.0
0.2
0.0
0.0
0.08
0.0
0.0
0.04
0.0
0.0
0.0
0.0
0.0
0.04
0.0
0.08
0.0
0.0
0.19230769230769232
0.0
0.0
0.038461538461538464
0.0
0.0
0.0
0.0
0.0
0.0
0.038461538461538464
0.0
0.07692307692307693
0.0
0.11538461538461539
0.0
0.0
0.0
0.0
0.0
0.0
0.0
0.11538461538461539
0.0
0.0
0.0
0.0
0.0
0.11538461538461539
0.23076923076923078
0.0
0.07692307692307693
0.038461538461538464
0.15384615384615385
0.0
0.038461538461538464
0.0
0.0
0.0
0.038461538461538464
0.0
0.038461538461538464
0.15384615384615385
0.0
0.0
0.0
0.07692307692307693
0.038461538461538464
0.0
0.07692307692307693
0.0
0.0
0.0
0.0
0.0
0.0
0.0
0.07692307692307693
0.0
0.0
0.2222222222222222
0.0
0.0
0.037037037037037035
0.0
0.0
0.0
0.0
0.0
0.0
0.037037037037037035
0.0
0.07407407407407407
0.0
0.14814814814814814
0.0
0.0
0.0
0.0
0.0
0.0
0.0
0.1111111111111111
0.0
0.0
0.0
0.0
0.0
0.1111111111111111
0.2222222222222222
0.0
0.1111111111111111
0.037037037037037035
0.14814814814814814
0.0
0.037037037037037035
0.0
0.0
0.0
0.07407407407407407
0.0
0.037037037037037035
0.14814814814814814
0.0
0.0
0.0
0.07407407407407407
0.037037037037037035
0.0
0.07407407407407407
0.0
0.0
0.0
0.0
0.0
0.0
0.0
0.1111111111111111
0.0
0.0
0.25
0.0
0.0
0.07142857142857142
0.0
0.0
0.0
0.0
0.0
0.0
0.07142857142857142
0.0
0.10714285714285714
0.0
0.17857142857142858
0.0
0.03571428571428571
0.0
0.0
0.0
0.0
0.0
0.14285714285714285
0.0
0.0
0.0
0.0
0.0
0.14285714285714285
0.25
0.0
0.14285714285714285
0.07142857142857142
0.17857142857142858
0.0
0.07142857142857142
0.0
0.0
0.0
0.10714285714285714
0.0
0.07142857142857142
0.17857142857142858
0.0
0.0
0.0
0.10714285714285714
0.07142857142857142
0.0
0.10714285714285714
0.0
0.0
0.0
0.0
0.0
0.0
0.0
0.14285714285714285
0.0
0.0
0.0
0.0
0.1724137931034483
0.0
0.0
0.0
0.0
0.10344827586206896
0.10344827586206896
0.0
0.0
0.0
0.13793103448275862
0.0
0.06896551724137931
0.0
0.0
0.10344827586206896
0.0
0.0
0.0
0.034482758620689655
0.0
0.0
0.3793103448275862
0.0
0.06896551724137931
0.0
0.0
0.27586206896551724
0.10344827586206896
0.034482758620689655
0.0
0.0
0.0
0.034482758620689655
0.0
0.0
0.0
0.13793103448275862
0.0
0.10344827586206896
0.0
0.10344827586206896
0.0
0.0
0.10344827586206896
0.0
0.0
0.13793103448275862
0.0
0.13793103448275862
0.0
0.0
0.0
0.0
0.06896551724137931
0.0
0.0
0.0
0.0
0.0
0.16666666666666666
0.0
0.0
0.0
0.0
0.1
0.1
0.0
0.0
0.0
0.16666666666666666
0.0
0.06666666666666667
0.0
0.0
0.1
0.0
0.0
0.0
0.03333333333333333
0.0
0.0
0.36666666666666664
0.0
0.06666666666666667
0.0
0.0
0.3
0.1
0.03333333333333333
0.0
0.0
0.0
0.03333333333333333
0.0
0.0
0.0
0.16666666666666666
0.0
0.13333333333333333
0.0
0.1
0.0
0.0
0.1
0.0
0.0
0.16666666666666666
0.0
0.13333333333333333
0.0
0.0
0.0
0.0
0.06666666666666667
0.0
0.0
0.0
0.2903225806451613
0.0
0.0
0.12903225806451613
0.0
0.0
0.0
0.0
0.0
0.0
0.12903225806451613
0.0
0.1935483870967742
0.0
0.22580645161290322
0.0
0.0967741935483871
0.0
0.0
0.0
0.0
0.0
0.1935483870967742
0.0
0.0
0.0
0.0
0.0
0.1935483870967742
0.3225806451612903
0.0
0.1935483870967742
0.12903225806451613
0.22580645161290322
0.0
0.12903225806451613
0.0
0.0
0.0
0.1935483870967742
0.0
0.16129032258064516
0.22580645161290322
0.0
0.0
0.0
0.16129032258064516
0.12903225806451613
0.0
0.1935483870967742
0.0
0.0
0.0
0.0
0.0
0.0
0.0
0.1935483870967742
0.0
0.0
0.0
0.09375
0.0
0.125
0.0
0.0
0.03125
0.0
0.0
0.09375
0.0
0.0
0.0
0.0
0.0
0.0
0.0
0.0
0.0
0.0
0.0
0.0
0.0
0.0
0.40625
0.0
0.0
0.125
0.0
0.0
0.0
0.0
0.125
0.0
0.15625
0.0
0.03125
0.0625
0.0
0.03125
0.0
0.0
0.03125
0.0
0.0
0.0
0.0
0.0
0.15625
0.0
0.125
0.0
0.0
0.0
0.0
0.0
0.0
0.0625
0.0
0.0
0.0
0.0
0.0
0.0
0.09090909090909091
0.0
0.0
0.09090909090909091
0.0
0.0
0.0
0.0
0.0
0.06060606060606061
0.0
0.0
0.0
0.0
0.0
0.0
0.0
0.09090909090909091
0.0
0.0
0.0
0.0
0.06060606060606061
0.06060606060606061
0.0
0.0
0.12121212121212122
0.0
0.0
0.06060606060606061
0.0
0.0
0.0
0.0
0.0
0.18181818181818182
0.0
0.0
0.0
0.0
0.0
0.030303030303030304
0.0
0.0
0.0
0.24242424242424243
0.0
0.0
0.0
0.0
0.12121212121212122
0.0
0.0
0.0
0.0
0.0
0.0
0.0
0.20588235294117646
0.0
0.0
0.0
0.0
0.14705882352941177
0.14705882352941177
0.0
0.0
0.0
0.23529411764705882
0.0
0.11764705882352941
0.0
0.0
0.14705882352941177
0.0
0.0
0.0
0.08823529411764706
0.0
0.0
0.4117647058823529
0.0
0.11764705882352941
0.0
0.0
0.35294117647058826
0.14705882352941177
0.08823529411764706
0.0
0.0
0.0
0.08823529411764706
0.0
0.0
0.0
0.23529411764705882
0.0
0.20588235294117646
0.0
0.14705882352941177
0.0
0.0
0.14705882352941177
0.0
0.0
0.23529411764705882
0.0
0.17647058823529413
0.0
0.0
0.0
0.0
0.11764705882352941
0.0
0.0
0.0
0.14285714285714285
0.11428571428571428
0.2
0.05714285714285714
0.0
0.0
0.0
0.0
0.0
0.0
0.0
0.0
0.0
0.0
0.22857142857142856
0.0
0.0
0.0
0.05714285714285714
0.0
0.0
0.0
0.0
0.08571428571428572
0.4
0.0
0.0
0.14285714285714285
0.0
0.34285714285714286
0.0
0.0
0.0
0.0
0.0
0.14285714285714285
0.2
0.05714285714285714
0.0
0.2
0.0
0.0
0.0
0.0
0.2
0.0
0.08571428571428572
0.0
0.17142857142857143
0.0
0.0
0.17142857142857143
0.05714285714285714
0.0
0.0
0.0
0.05714285714285714
0.0
0.0
0.0
0.1388888888888889
0.1111111111111111
0.2222222222222222
0.05555555555555555
0.0
0.0
0.0
0.0
0.0
0.0
0.0
0.0
0.0
0.0
0.2222222222222222
0.0
0.0
0.0
0.05555555555555555
0.0
0.0
0.0
0.0
0.08333333333333333
0.4166666666666667
0.0
0.0
0.1388888888888889
0.0
0.3611111111111111
0.0
0.0
0.0
0.0
0.0
0.1388888888888889
0.19444444444444445
0.05555555555555555
0.0
0.19444444444444445
0.0
0.0
0.0
0.0
0.19444444444444445
0.0
0.08333333333333333
0.0
0.16666666666666666
0.0
0.0
0.19444444444444445
0.05555555555555555
0.0
0.0
0.0
0.05555555555555555
0.0
0.0
0.0
0.16216216216216217
0.13513513513513514
0.24324324324324326
0.08108108108108109
0.0
0.0
0.0
0.0
0.0
0.0
0.0
0.0
0.0
0.0
0.24324324324324326
0.0
0.0
0.0
0.08108108108108109
0.0
0.0
0.0
0.0
0.10810810810810811
0.43243243243243246
0.0
0.0
0.16216216216216217
0.0
0.3783783783783784
0.0
0.0
0.0
0.0
0.0
0.16216216216216217
0.21621621621621623
0.08108108108108109
0.0
0.21621621621621623
0.0
0.0
0.0
0.0
0.21621621621621623
0.0
0.10810810810810811
0.0
0.1891891891891892
0.0
0.0
0.21621621621621623
0.08108108108108109
0.0
0.0
0.0
0.08108108108108109
0.0
0.0
0.0
0.2631578947368421
0.0
0.0
0.13157894736842105
0.0
0.0
0.0
0.0
0.0
0.0
0.13157894736842105
0.0
0.23684210526315788
0.0
0.2631578947368421
0.0
0.10526315789473684
0.0
0.0
0.0
0.0
0.0
0.18421052631578946
0.0
0.0
0.0
0.0
0.0
0.18421052631578946
0.39473684210526316
0.0
0.18421052631578946
0.15789473684210525
0.21052631578947367
0.0
0.13157894736842105
0.0
0.0
0.0
0.23684210526315788
0.0
0.21052631578947367
0.21052631578947367
0.0
0.0
0.0
0.15789473684210525
0.13157894736842105
0.0
0.2631578947368421
0.0
0.0
0.0
0.0
0.0
0.0
0.0
0.18421052631578946
0.0
0.07692307692307693
0.2564102564102564
0.0
0.02564102564102564
0.0
0.0
0.02564102564102564
0.0
0.0
0.0
0.0
0.0
0.07692307692307693
0.0
0.0
0.28205128205128205
0.0
0.0
0.0
0.0
0.0
0.0
0.0
0.0
0.0
0.0
0.0
0.0
0.20512820512820512
0.0
0.02564102564102564
0.02564102564102564
0.1794871794871795
0.1282051282051282
0.1282051282051282
0.15384615384615385
0.0
0.2564102564102564
0.0
0.0
0.23076923076923078
0.0
0.0
0.0
0.15384615384615385
0.0
0.0
0.15384615384615385
0.0
0.0
0.05128205128205128
0.0
0.0
0.0
0.0
0.0
0.05128205128205128
0.0
0.1794871794871795
0.0
0.0
0.0
0.0
0.0
0.15
0.025
0.0
0.0
0.0
0.0
0.0
0.0
0.1
0.25
0.0
0.0
0.0
0.05
0.075
0.0
0.0
0.0
0.125
0.0
0.0
0.0
0.025
0.0
0.075
0.0
0.0
0.15
0.1
0.125
0.0
0.0
0.2
0.0
0.05
0.0
0.025
0.0
0.0
0.075
0.0
0.0
0.0
0.0
0.075
0.0
0.025
0.0
0.0
0.0
0.0
0.0
0.025
0.125
0.0
0.0
0.024390243902439025
0.0
0.0
0.0
0.0
0.0
0.0
0.0
0.0
0.0
0.0
0.0
0.0
0.0
0.07317073170731707
0.0
0.024390243902439025
0.0
0.0
0.07317073170731707
0.0
0.0
0.0
0.1951219512195122
0.0
0.0
0.0
0.07317073170731707
0.0
0.1951219512195122
0.0
0.12195121951219512
0.21951219512195122
0.17073170731707318
0.14634146341463414
0.0
0.0
0.024390243902439025
0.04878048780487805
0.0
0.0
0.04878048780487805
0.0
0.04878048780487805
0.0
0.0
0.0
0.0
0.14634146341463414
0.0
0.0
0.12195121951219512
0.0
0.0
0.0975609756097561
0.0
0.0
0.0
0.0
0.0
0.0
0.0
0.0
0.0
0.0
0.09523809523809523
0.0
0.0
0.09523809523809523
0.0
0.0
0.0
0.0
0.0
0.07142857142857142
0.023809523809523808
0.023809523809523808
0.0
0.0
0.023809523809523808
0.0
0.023809523809523808
0.09523809523809523
0.0
0.0
0.0
0.0
0.07142857142857142
0.07142857142857142
0.0
0.0
0.11904761904761904
0.0
0.0
0.07142857142857142
0.023809523809523808
0.0
0.023809523809523808
0.0
0.0
0.23809523809523808
0.0
0.0
0.023809523809523808
0.0
0.0
0.047619047619047616
0.0
0.0
0.0
0.2619047619047619
0.0
0.0
0.0
0.0
0.11904761904761904
0.0
0.0
0.023809523809523808
0.0
0.0
0.0
0.0
0.0
0.11627906976744186
0.09302325581395349
0.06976744186046512
0.0
0.0
0.0
0.0
0.0
0.11627906976744186
0.0
0.0
0.0
0.0
0.0
0.09302325581395349
0.0
0.0
0.09302325581395349
0.13953488372093023
0.20930232558139536
0.0
0.0
0.046511627906976744
0.09302325581395349
0.0
0.046511627906976744
0.3953488372093023
0.13953488372093023
0.0
0.0
0.046511627906976744
0.0
0.0
0.0
0.0
0.0
0.0
0.06976744186046512
0.06976744186046512
0.0
0.13953488372093023
0.06976744186046512
0.0
0.0
0.0
0.0
0.0
0.13953488372093023
0.0
0.0
0.0
0.0
0.0
0.0
0.06976744186046512
0.0
0.0
0.0
0.0
0.0
0.0
0.0
0.0
0.0
0.0
0.045454545454545456
0.0
0.13636363636363635
0.0
0.0
0.0
0.29545454545454547
0.06818181818181818
0.0
0.0
0.0
0.0
0.045454545454545456
0.09090909090909091
0.0
0.0
0.0
0.0
0.11363636363636363
0.0
0.0
0.045454545454545456
0.0
0.11363636363636363
0.045454545454545456
0.0
0.0
0.09090909090909091
0.0
0.0
0.0
0.045454545454545456
0.0
0.20454545454545456
0.045454545454545456
0.13636363636363635
0.0
0.0
0.0
0.0
0.0
0.0
0.13636363636363635
0.0
0.0
0.0
0.0
0.0
0.13636363636363635
0.06818181818181818
0.0
0.08888888888888889
0.26666666666666666
0.0
0.044444444444444446
0.0
0.0
0.044444444444444446
0.0
0.0
0.0
0.0
0.0
0.08888888888888889
0.0
0.0
0.28888888888888886
0.0
0.0
0.0
0.0
0.0
0.0
0.0
0.0
0.0
0.0
0.0
0.0
0.2
0.0
0.044444444444444446
0.044444444444444446
0.2222222222222222
0.15555555555555556
0.15555555555555556
0.15555555555555556
0.0
0.24444444444444444
0.0
0.0
0.24444444444444444
0.0
0.0
0.0
0.15555555555555556
0.0
0.0
0.15555555555555556
0.0
0.0
0.06666666666666667
0.0
0.0
0.0
0.0
0.0
0.06666666666666667
0.0
0.2
0.0
0.0
0.0
0.0
0.0
0.0
0.0
0.0
0.0
0.10869565217391304
0.13043478260869565
0.06521739130434782
0.0
0.0
0.0
0.043478260869565216
0.0
0.043478260869565216
0.0
0.0
0.0
0.0
0.10869565217391304
0.15217391304347827
0.0
0.06521739130434782
0.0
0.0
0.043478260869565216
0.0
0.0
0.0
0.17391304347826086
0.21739130434782608
0.06521739130434782
0.0
0.15217391304347827
0.1956521739130435
0.0
0.0
0.0
0.0
0.0
0.043478260869565216
0.1956521739130435
0.15217391304347827
0.0
0.0
0.0
0.08695652173913043
0.0
0.0
0.0
0.0
0.06521739130434782
0.15217391304347827
0.0
0.0
0.0
0.0
0.0
0.0
0.0
0.0
0.0
0.0
0.0
0.0851063829787234
0.0
0.02127659574468085
0.0
0.06382978723404255
0.0
0.1276595744680851
0.0
0.0
0.10638297872340426
0.0
0.06382978723404255
0.0
0.0
0.0425531914893617
0.0425531914893617
0.10638297872340426
0.0
0.06382978723404255
0.0
0.0
0.0
0.06382978723404255
0.0
0.0
0.0
0.1276595744680851
0.0
0.0851063829787234
0.06382978723404255
0.0
0.0
0.0
0.0
0.0
0.0
0.0
0.0
0.0
0.2127659574468085
0.0
0.02127659574468085
0.0
0.0
0.0
0.1702127659574468
0.2127659574468085
0.0
0.0
0.0
0.0851063829787234
0.0
0.02127659574468085
0.0
0.0
0.0
0.0
0.0
0.125
0.0
0.0
0.041666666666666664
0.0
0.10416666666666667
0.0
0.0
0.041666666666666664
0.020833333333333332
0.08333333333333333
0.0
0.0
0.0
0.0
0.0
0.0
0.0
0.0
0.020833333333333332
0.0
0.020833333333333332
0.0
0.0
0.08333333333333333
0.0
0.0625
0.0
0.125
0.0
0.0
0.1875
0.0
0.041666666666666664
0.0
0.0
0.22916666666666666
0.0
0.08333333333333333
0.0625
0.0
0.0
0.0625
0.0
0.14583333333333334
0.0
0.0
0.020833333333333332
0.0
0.0
0.0
0.0
0.0625
0.0
0.0
0.0
0.10204081632653061
0.2653061224489796
0.0
0.061224489795918366
0.0
0.0
0.061224489795918366
0.0
0.0
0.0
0.0
0.0
0.10204081632653061
0.0
0.0
0.30612244897959184
0.0
0.0
0.0
0.0
0.0
0.0
0.0
0.0
0.0
0.0
0.0
0.0
0.20408163265306123
0.0
0.061224489795918366
0.061224489795918366
0.24489795918367346
0.16326530612244897
0.16326530612244897
0.1836734693877551
0.0
0.24489795918367346
0.0
0.0
0.24489795918367346
0.0
0.0
0.0
0.16326530612244897
0.0
0.0
0.16326530612244897
0.0
0.0
0.08163265306122448
0.0
0.0
0.0
0.0
0.0
0.10204081632653061
0.0
0.20408163265306123
0.0
0.04
0.0
0.0
0.0
0.0
0.02
0.02
0.0
0.0
0.0
0.0
0.0
0.0
0.0
0.08
0.0
0.06
0.0
0.0
0.08
0.0
0.0
0.0
0.2
0.0
0.0
0.0
0.12
0.0
0.18
0.0
0.18
0.24
0.16
0.16
0.0
0.0
0.06
0.08
0.0
0.0
0.08
0.0
0.08
0.0
0.0
0.0
0.0
0.16
0.0
0.0
0.18
0.0
0.0
0.1
0.0
0.0
0.0
0.0
0.0
0.0
0.1568627450980392
0.0392156862745098
0.0
0.13725490196078433
0.0
0.0
0.0
0.0392156862745098
0.0
0.0
0.0
0.0
0.0196078431372549
0.0
0.0
0.0
0.0
0.0
0.0
0.0784313725490196
0.058823529411764705
0.0
0.0
0.0
0.0392156862745098
0.0
0.11764705882352941
0.0
0.0
0.0
0.0784313725490196
0.0
0.0784313725490196
0.0
0.0
0.09803921568627451
0.0
0.0
0.0
0.0
0.058823529411764705
0.0
0.0
0.0
0.0
0.058823529411764705
0.17647058823529413
0.09803921568627451
0.0
0.23529411764705882
0.0
0.0
0.0
0.1568627450980392
0.0
0.0
0.0
0.0
0.0
0.0
0.0
0.0
0.0
0.0
0.0
0.0
0.0
0.11538461538461539
0.1346153846153846
0.09615384615384616
0.0
0.0
0.0
0.057692307692307696
0.0
0.057692307692307696
0.0
0.0
0.0
0.0
0.11538461538461539
0.15384615384615385
0.0
0.09615384615384616
0.0
0.0
0.057692307692307696
0.0
0.0
0.0
0.19230769230769232
0.2692307692307692
0.07692307692307693
0.0
0.21153846153846154
0.19230769230769232
0.0
0.0
0.0
0.0
0.0
0.057692307692307696
0.19230769230769232
0.15384615384615385
0.0
0.0
0.0
0.09615384615384616
0.0
0.0
0.0
0.0
0.07692307692307693
0.15384615384615385
0.0
0.0
0.0
0.0
0.0
0.11320754716981132
0.2641509433962264
0.0
0.07547169811320754
0.0
0.0
0.07547169811320754
0.0
0.0
0.0
0.0
0.0
0.11320754716981132
0.0
0.0
0.3018867924528302
0.0
0.0
0.0
0.0
0.0
0.0
0.0
0.0
0.0
0.0
0.0
0.0
0.20754716981132076
0.0
0.07547169811320754
0.09433962264150944
0.2641509433962264
0.16981132075471697
0.18867924528301888
0.20754716981132076
0.0
0.24528301886792453
0.0
0.0
0.24528301886792453
0.0
0.0
0.0
0.16981132075471697
0.0
0.0
0.18867924528301888
0.0
0.0
0.09433962264150944
0.0
0.0
0.0
0.0
0.0
0.11320754716981132
0.0
0.20754716981132076
0.0
0.0
0.25925925925925924
0.0
0.0
0.12962962962962962
0.0
0.0
0.0
0.0
0.0
0.0
0.12962962962962962
0.0
0.2037037037037037
0.0
0.2962962962962963
0.0
0.09259259259259259
0.0
0.0
0.0
0.0
0.0
0.2037037037037037
0.0
0.0
0.0
0.0
0.0
0.18518518518518517
0.3333333333333333
0.0
0.2777777777777778
0.16666666666666666
0.16666666666666666
0.0
0.1111111111111111
0.0
0.0
0.0
0.24074074074074073
0.0
0.18518518518518517
0.2037037037037037
0.0
0.0
0.0
0.12962962962962962
0.16666666666666666
0.0
0.24074074074074073
0.0
0.0
0.0
0.0
0.0
0.0
0.0
0.2037037037037037
0.0
0.0
0.0
0.0
0.0
0.14545454545454545
0.0
0.0
0.05454545454545454
0.0
0.10909090909090909
0.0
0.0
0.05454545454545454
0.03636363636363636
0.09090909090909091
0.0
0.0
0.0
0.0
0.0
0.0
0.0
0.0
0.03636363636363636
0.0
0.05454545454545454
0.0
0.0
0.09090909090909091
0.0
0.07272727272727272
0.0
0.14545454545454545
0.0
0.0
0.23636363636363636
0.0
0.05454545454545454
0.0
0.0
0.21818181818181817
0.0
0.09090909090909091
0.09090909090909091
0.0
0.0
0.07272727272727272
0.0
0.16363636363636364
0.0
0.0
0.03636363636363636
0.0
0.0
0.0
0.0
0.07272727272727272
0.0
0.0
0.0
0.05357142857142857
0.0
0.0
0.0
0.0
0.03571428571428571
0.03571428571428571
0.0
0.0
0.0
0.0
0.0
0.0
0.0
0.08928571428571429
0.0
0.07142857142857142
0.0
0.0
0.08928571428571429
0.0
0.0
0.0
0.21428571428571427
0.0
0.0
0.0
0.14285714285714285
0.0
0.19642857142857142
0.0
0.19642857142857142
0.30357142857142855
0.17857142857142858
0.19642857142857142
0.0
0.0
0.07142857142857142
0.08928571428571429
0.0
0.0
0.08928571428571429
0.0
0.08928571428571429
0.0
0.0
0.0
0.0
0.17857142857142858
0.0
0.0
0.17857142857142858
0.0
0.0
0.10714285714285714
0.0
0.0
0.0
0.0
0.0
0.0
0.0
0.0
0.0
0.15789473684210525
0.0
0.0
0.07017543859649122
0.0
0.12280701754385964
0.0
0.0
0.07017543859649122
0.05263157894736842
0.10526315789473684
0.0
0.0
0.0
0.0
0.0
0.0
0.0
0.0
0.05263157894736842
0.0
0.07017543859649122
0.0
0.0
0.10526315789473684
0.0
0.08771929824561403
0.0
0.15789473684210525
0.0
0.0
0.24561403508771928
0.0
0.07017543859649122
0.0
0.0
0.22807017543859648
0.0
0.10526315789473684
0.10526315789473684
0.0
0.0
0.08771929824561403
0.0
0.19298245614035087
0.0
0.0
0.05263157894736842
0.0
0.0
0.0
0.0
0.08771929824561403
0.0
0.0
0.0
0.0
0.0
0.1206896551724138
0.0
0.15517241379310345
0.0
0.0
0.06896551724137931
0.0
0.0
0.06896551724137931
0.017241379310344827
0.017241379310344827
0.0
0.0
0.0
0.0
0.0
0.0
0.0
0.0
0.0
0.0
0.0
0.0
0.3103448275862069
0.0
0.0
0.20689655172413793
0.0
0.0
0.0
0.0
0.1896551724137931
0.0
0.2413793103448276
0.0
0.06896551724137931
0.05172413793103448
0.0
0.034482758620689655
0.017241379310344827
0.0
0.1206896551724138
0.017241379310344827
0.017241379310344827
0.0
0.0
0.0
0.15517241379310345
0.0
0.1896551724137931
0.0
0.0
0.0
0.0
0.0
0.0
0.08620689655172414
0.0
0.0
0.0
0.0
0.0
0.0
0.05084745762711865
0.0
0.0
0.11864406779661017
0.0
0.0
0.0
0.0
0.0
0.11864406779661017
0.0
0.0
0.0
0.0
0.0
0.0
0.06779661016949153
0.0847457627118644
0.0
0.0
0.0
0.05084745762711865
0.0
0.2033898305084746
0.0
0.0
0.0
0.0
0.0
0.0
0.06779661016949153
0.0
0.23728813559322035
0.0
0.0
0.0
0.0
0.0
0.0
0.0
0.0
0.06779661016949153
0.0
0.0
0.0
0.0
0.0
0.0
0.0847457627118644
0.0
0.0
0.0
0.0
0.0
0.0
0.11666666666666667
0.15
0.0
0.18333333333333332
0.0
0.0
0.0
0.0
0.0
0.0
0.0
0.0
0.0
0.03333333333333333
0.0
0.0
0.0
0.0
0.0
0.1
0.0
0.06666666666666667
0.1
0.0
0.0
0.0
0.05
0.0
0.06666666666666667
0.03333333333333333
0.05
0.0
0.0
0.0
0.16666666666666666
0.06666666666666667
0.0
0.0
0.08333333333333333
0.0
0.0
0.0
0.0
0.0
0.11666666666666667
0.18333333333333332
0.06666666666666667
0.0
0.0
0.0
0.0
0.0
0.0
0.0
0.11666666666666667
0.1
0.0
0.0
0.21666666666666667
0.0
0.11475409836065574
0.26229508196721313
0.0
0.08196721311475409
0.0
0.0
0.08196721311475409
0.0
0.0
0.0
0.0
0.0
0.11475409836065574
0.0
0.0
0.29508196721311475
0.0
0.0
0.0
0.0
0.0
0.0
0.0
0.0
0.0
0.0
0.0
0.0
0.22950819672131148
0.0
0.08196721311475409
0.09836065573770492
0.29508196721311475
0.16393442622950818
0.19672131147540983
0.26229508196721313
0.0
0.2459016393442623
0.0
0.0
0.2459016393442623
0.0
0.0
0.0
0.16393442622950818
0.0
0.0
0.18032786885245902
0.0
0.0
0.09836065573770492
0.0
0.0
0.0
0.0
0.0
0.11475409836065574
0.0
0.21311475409836064
0.0
0.0
0.0
0.0
0.0
0.0
0.0
0.0
0.0
0.0
0.04838709677419355
0.0
0.12903225806451613
0.0
0.0
0.016129032258064516
0.2903225806451613
0.06451612903225806
0.0
0.0
0.0
0.0
0.0967741935483871
0.0967741935483871
0.0
0.0
0.0
0.0
0.0967741935483871
0.0
0.0
0.04838709677419355
0.0
0.16129032258064516
0.0967741935483871
0.0
0.0
0.0967741935483871
0.0
0.016129032258064516
0.0
0.04838709677419355
0.0
0.1774193548387097
0.04838709677419355
0.14516129032258066
0.0
0.0
0.0
0.0
0.0
0.0
0.1935483870967742
0.0
0.0
0.0
0.0
0.0
0.11290322580645161
0.0967741935483871
0.0
0.06349206349206349
0.0
0.0
0.0
0.1746031746031746
0.09523809523809523
0.0
0.0
0.0
0.0
0.0
0.0
0.031746031746031744
0.031746031746031744
0.0
0.0
0.015873015873015872
0.0
0.0
0.0
0.015873015873015872
0.047619047619047616
0.0
0.0
0.0
0.015873015873015872
0.06349206349206349
0.0
0.23809523809523808
0.0
0.06349206349206349
0.1111111111111111
0.0
0.0
0.0
0.0
0.0
0.25396825396825395
0.06349206349206349
0.0
0.0
0.0
0.0
0.19047619047619047
0.0
0.0
0.0
0.09523809523809523
0.0
0.0
0.0
0.0
0.0
0.07936507936507936
0.12698412698412698
0.1111111111111111
0.0
0.0
0.0
0.0
0.0
0.0
0.0
0.0
0.125
0.03125
0.0
0.0
0.0
0.0
0.0
0.0
0.109375
0.1875
0.0
0.0
0.0
0.0625
0.078125
0.0
0.0
0.0
0.140625
0.0
0.0
0.0
0.03125
0.0
0.109375
0.0
0.0
0.109375
0.171875
0.171875
0.0
0.0
0.171875
0.0
0.09375
0.0
0.0625
0.0
0.0
0.0625
0.0
0.0
0.0
0.0
0.109375
0.0
0.03125
0.0
0.0
0.0
0.0
0.0
0.03125
0.125
0.0
0.0
0.0
0.0
0.046153846153846156
0.0
0.0
0.0
0.0
0.0
0.0
0.12307692307692308
0.015384615384615385
0.0
0.07692307692307693
0.0
0.12307692307692308
0.0
0.015384615384615385
0.0
0.0
0.0
0.06153846153846154
0.0
0.0
0.2
0.0
0.2923076923076923
0.0
0.0
0.0
0.0
0.09230769230769231
0.0
0.16923076923076924
0.18461538461538463
0.2
0.0
0.1076923076923077
0.0
0.09230769230769231
0.0
0.0
0.0
0.0
0.0
0.0
0.06153846153846154
0.09230769230769231
0.0
0.0
0.0
0.0
0.2
0.0
0.0
0.15384615384615385
0.015384615384615385
0.0
0.0
0.0
0.0
0.0
0.0
0.0
0.0
0.0
0.0
0.0
0.0
0.0
0.06060606060606061
0.0
0.13636363636363635
0.0
0.0
0.030303030303030304
0.30303030303030304
0.07575757575757576
0.0
0.0
0.0
0.0
0.10606060606060606
0.10606060606060606
0.0
0.0
0.0
0.0
0.10606060606060606
0.0
0.0
0.06060606060606061
0.0
0.18181818181818182
0.10606060606060606
0.0
0.0
0.10606060606060606
0.0
0.030303030303030304
0.0
0.07575757575757576
0.0
0.18181818181818182
0.06060606060606061
0.15151515151515152
0.0
0.0
0.0
0.0
0.0
0.0
0.19696969696969696
0.0
0.0
0.0
0.0
0.0
0.13636363636363635
0.10606060606060606
0.0
0.0
0.0
0.0
0.0
0.0
0.0
0.07462686567164178
0.0
0.0
0.11940298507462686
0.0
0.029850746268656716
0.0
0.014925373134328358
0.0
0.0
0.0
0.0
0.0
0.1044776119402985
0.07462686567164178
0.029850746268656716
0.0
0.0
0.0
0.0
0.0
0.0
0.11940298507462686
0.0
0.0
0.014925373134328358
0.0
0.0
0.208955223880597
0.08955223880597014
0.0
0.2537313432835821
0.0
0.0
0.07462686567164178
0.05970149253731343
0.0
0.0
0.0
0.0
0.029850746268656716
0.0
0.0
0.04477611940298507
0.0
0.0
0.0
0.0
0.16417910447761194
0.0
0.0
0.0
0.0
0.0
0.0
0.14705882352941177
0.11764705882352941
0.17647058823529413
0.07352941176470588
0.0
0.0
0.0
0.0
0.0
0.0
0.0
0.0
0.0
0.0
0.3088235294117647
0.0
0.0
0.0
0.07352941176470588
0.0
0.0
0.0
0.0
0.08823529411764706
0.29411764705882354
0.0
0.0
0.23529411764705882
0.0
0.27941176470588236
0.0
0.0
0.0
0.0
0.0
0.17647058823529413
0.25
0.07352941176470588
0.0
0.20588235294117646
0.0
0.0
0.0
0.0
0.17647058823529413
0.0
0.10294117647058823
0.0
0.14705882352941177
0.0
0.0
0.16176470588235295
0.08823529411764706
0.0
0.0
0.0
0.07352941176470588
0.0
0.0
0.0
0.028985507246376812
0.0
0.0
0.0
0.0
0.0
0.028985507246376812
0.043478260869565216
0.07246376811594203
0.0
0.0
0.11594202898550725
0.0
0.0
0.0
0.0
0.0
0.08695652173913043
0.0
0.07246376811594203
0.0
0.0
0.0
0.028985507246376812
0.2898550724637681
0.0
0.0
0.0
0.0
0.0
0.0
0.0
0.17391304347826086
0.15942028985507245
0.0
0.057971014492753624
0.0
0.0
0.0
0.0
0.0
0.028985507246376812
0.07246376811594203
0.11594202898550725
0.0
0.043478260869565216
0.11594202898550725
0.0
0.0
0.028985507246376812
0.0
0.0
0.07246376811594203
0.17391304347826086
0.0
0.0
0.0
0.0
0.0
0.0
0.24285714285714285
0.0
0.04285714285714286
0.0
0.0
0.04285714285714286
0.0
0.0
0.12857142857142856
0.07142857142857142
0.0
0.0
0.0
0.0
0.0
0.08571428571428572
0.0
0.0
0.0
0.08571428571428572
0.0
0.0
0.0
0.0
0.3
0.0
0.0
0.0
0.0
0.0
0.04285714285714286
0.0
0.0
0.0
0.04285714285714286
0.0
0.2714285714285714
0.08571428571428572
0.0
0.21428571428571427
0.07142857142857142
0.0
0.0
0.15714285714285714
0.04285714285714286
0.0
0.0
0.04285714285714286
0.05714285714285714
0.0
0.04285714285714286
0.0
0.07142857142857142
0.0
0.0
0.0
0.0
0.0
0.0
0.0
0.0
0.0
0.0
0.014084507042253521
0.056338028169014086
0.0
0.0
0.11267605633802817
0.0
0.0
0.014084507042253521
0.0
0.028169014084507043
0.1267605633802817
0.0
0.0
0.0
0.0
0.0
0.0
0.11267605633802817
0.11267605633802817
0.0
0.014084507042253521
0.0
0.056338028169014086
0.0
0.23943661971830985
0.0
0.0
0.0
0.0
0.0
0.0
0.09859154929577464
0.014084507042253521
0.2676056338028169
0.0
0.0
0.0
0.014084507042253521
0.0
0.0
0.0
0.0
0.09859154929577464
0.0
0.0
0.0
0.0
0.014084507042253521
0.014084507042253521
0.09859154929577464
0.0
0.0
0.0
0.0
0.0
0.014084507042253521
0.0
0.1527777777777778
0.125
0.0
0.0
0.0
0.0
0.0
0.1111111111111111
0.0
0.0
0.1388888888888889
0.0
0.0
0.08333333333333333
0.3055555555555556
0.0
0.0
0.0
0.0
0.013888888888888888
0.0
0.0
0.0
0.0
0.0
0.0
0.0
0.0
0.16666666666666666
0.09722222222222222
0.027777777777777776
0.013888888888888888
0.18055555555555555
0.20833333333333334
0.2361111111111111
0.0
0.0
0.0
0.041666666666666664
0.0
0.0
0.0
0.18055555555555555
0.16666666666666666
0.0
0.0
0.0
0.0
0.1527777777777778
0.19444444444444445
0.0
0.0
0.0
0.0
0.1111111111111111
0.0
0.0
0.0
0.0
0.0
0.0
0.0
0.0
0.1232876712328767
0.0410958904109589
0.0
0.0
0.0
0.0
0.0
0.0
0.1095890410958904
0.1780821917808219
0.0
0.0
0.0
0.0684931506849315
0.0821917808219178
0.0
0.0
0.0
0.136986301369863
0.0
0.0
0.0
0.0410958904109589
0.0
0.1232876712328767
0.0
0.0
0.1232876712328767
0.1917808219178082
0.1780821917808219
0.0
0.0
0.1780821917808219
0.0
0.1095890410958904
0.0
0.0958904109589041
0.0
0.0
0.0821917808219178
0.0
0.0
0.0
0.0
0.1095890410958904
0.0
0.0410958904109589
0.0
0.0
0.0
0.0
0.0
0.0410958904109589
0.136986301369863
0.0
0.0
0.06756756756756757
0.0
0.0
0.0
0.16216216216216217
0.0945945945945946
0.0
0.0
0.0
0.0
0.0
0.0
0.04054054054054054
0.04054054054054054
0.0
0.0
0.02702702702702703
0.0
0.0
0.0
0.02702702702702703
0.05405405405405406
0.0
0.0
0.0
0.02702702702702703
0.06756756756756757
0.0
0.24324324324324326
0.0
0.06756756756756757
0.12162162162162163
0.0
0.0
0.0
0.0
0.0
0.28378378378378377
0.06756756756756757
0.0
0.0
0.0
0.0
0.1891891891891892
0.0
0.0
0.0
0.10810810810810811
0.0
0.0
0.0
0.0
0.0
0.08108108108108109
0.12162162162162163
0.12162162162162163
0.0
0.0
0.0
0.0
0.0
0.0
0.13333333333333333
0.0
0.16
0.0
0.0
0.08
0.0
0.0
0.08
0.04
0.02666666666666667
0.0
0.0
0.0
0.0
0.0
0.0
0.0
0.0
0.0
0.0
0.0
0.0
0.30666666666666664
0.0
0.0
0.24
0.0
0.0
0.0
0.0
0.17333333333333334
0.0
0.24
0.0
0.08
0.06666666666666667
0.0
0.04
0.02666666666666667
0.0
0.12
0.02666666666666667
0.02666666666666667
0.0
0.0
0.0
0.16
0.0
0.2
0.0
0.0
0.0
0.0
0.0
0.0
0.10666666666666667
0.0
0.11842105263157894
0.0
0.0
0.0
0.0
0.05263157894736842
0.0
0.0
0.0
0.0
0.07894736842105263
0.0
0.0
0.0
0.0
0.0
0.0
0.0
0.0
0.10526315789473684
0.0
0.0
0.0
0.18421052631578946
0.0
0.0
0.0
0.0
0.0
0.17105263157894737
0.0
0.0
0.0
0.19736842105263158
0.21052631578947367
0.0
0.0
0.0
0.0
0.0
0.0
0.07894736842105263
0.0
0.06578947368421052
0.0
0.0
0.0
0.11842105263157894
0.0
0.0
0.0
0.19736842105263158
0.0
0.10526315789473684
0.0
0.0
0.0
0.07894736842105263
0.0
0.0
0.11688311688311688
0.23376623376623376
0.0
0.07792207792207792
0.0
0.0
0.07792207792207792
0.0
0.0
0.0
0.0
0.0
0.11688311688311688
0.0
0.0
0.2987012987012987
0.0
0.0
0.0
0.0
0.0
0.0
0.0
0.0
0.0
0.0
0.0
0.0
0.2597402597402597
0.0
0.07792207792207792
0.09090909090909091
0.24675324675324675
0.19480519480519481
0.2077922077922078
0.24675324675324675
0.0
0.2857142857142857
0.0
0.0
0.2077922077922078
0.0
0.0
0.0
0.16883116883116883
0.0
0.0
0.15584415584415584
0.0
0.0
0.09090909090909091
0.0
0.0
0.0
0.0
0.0
0.1038961038961039
0.0
0.19480519480519481
0.0
0.0
0.0
0.05128205128205128
0.0
0.0
0.0
0.0
0.0
0.0
0.1282051282051282
0.02564102564102564
0.0
0.07692307692307693
0.0
0.1282051282051282
0.0
0.02564102564102564
0.0
0.0
0.0
0.08974358974358974
0.0
0.0
0.19230769230769232
0.0
0.3076923076923077
0.0
0.0
0.0
0.0
0.10256410256410256
0.0
0.19230769230769232
0.1794871794871795
0.21794871794871795
0.0
0.10256410256410256
0.0
0.11538461538461539
0.0
0.0
0.0
0.0
0.0
0.0
0.0641025641025641
0.10256410256410256
0.0
0.0
0.0
0.0
0.21794871794871795
0.0
0.0
0.16666666666666666
0.02564102564102564
0.0
0.0
0.0
0.0
0.0
0.0
0.13924050632911392
0.0
0.17721518987341772
0.0
0.0
0.08860759493670886
0.0
0.0
0.08860759493670886
0.05063291139240506
0.0379746835443038
0.0
0.0
0.0
0.0
0.0
0.0
0.0
0.0
0.0
0.0
0.0
0.0
0.3037974683544304
0.0
0.0
0.26582278481012656
0.0
0.0
0.0
0.0
0.17721518987341772
0.0
0.25316455696202533
0.0
0.08860759493670886
0.08860759493670886
0.0
0.05063291139240506
0.0379746835443038
0.0
0.12658227848101267
0.0379746835443038
0.0379746835443038
0.0
0.0
0.0
0.16455696202531644
0.0
0.21518987341772153
0.0
0.0
0.0
0.0
0.0
0.0
0.11392405063291139
0.0
0.0
0.2375
0.025
0.0
0.0
0.0
0.0
0.0
0.075
0.0
0.0
0.0
0.0
0.0
0.0875
0.025
0.0
0.025
0.0
0.0
0.075
0.0
0.0
0.0
0.0
0.3125
0.0
0.0
0.05
0.175
0.0625
0.0
0.0
0.0
0.2375
0.0
0.0625
0.0
0.0
0.05
0.0
0.0
0.0
0.0
0.0
0.1625
0.025
0.0
0.0
0.1625
0.0
0.0
0.0
0.0
0.175
0.0
0.075
0.025
0.0
0.0
0.0
0.0
0.0
0.0
0.0
0.0
0.07407407407407407
0.0
0.024691358024691357
0.0
0.08641975308641975
0.0
0.1111111111111111
0.0
0.0
0.07407407407407407
0.0
0.07407407407407407
0.0
0.0
0.037037037037037035
0.06172839506172839
0.08641975308641975
0.0
0.07407407407407407
0.0
0.0
0.0
0.06172839506172839
0.0
0.0
0.0
0.19753086419753085
0.0
0.06172839506172839
0.09876543209876543
0.0
0.0
0.0
0.0
0.0
0.0
0.0
0.0
0.0
0.16049382716049382
0.0
0.024691358024691357
0.0
0.0
0.0
0.2345679012345679
0.14814814814814814
0.0
0.0
0.0
0.1111111111111111
0.0
0.024691358024691357
0.0
0.13414634146341464
0.14634146341463414
0.0
0.15853658536585366
0.0
0.0
0.0
0.0
0.0
0.0
0.0
0.0
0.0
0.036585365853658534
0.0
0.0
0.0
0.0
0.0
0.10975609756097561
0.0
0.10975609756097561
0.08536585365853659
0.0
0.0
0.0
0.07317073170731707
0.0
0.06097560975609756
0.036585365853658534
0.07317073170731707
0.0
0.0
0.0
0.14634146341463414
0.0975609756097561
0.0
0.0
0.08536585365853659
0.0
0.0
0.0
0.0
0.0
0.10975609756097561
0.17073170731707318
0.10975609756097561
0.0
0.0
0.0
0.0
0.0
0.0
0.0
0.12195121951219512
0.12195121951219512
0.0
0.0
0.1951219512195122
0.0
0.0
0.0
0.060240963855421686
0.012048192771084338
0.0
0.0
0.0
0.0
0.0
0.0
0.0
0.0
0.04819277108433735
0.0
0.0
0.0
0.0
0.0
0.012048192771084338
0.10843373493975904
0.04819277108433735
0.0
0.0
0.012048192771084338
0.08433734939759036
0.0
0.012048192771084338
0.0963855421686747
0.12048192771084337
0.0
0.24096385542168675
0.0
0.0
0.0
0.07228915662650602
0.0
0.0
0.0
0.0963855421686747
0.0
0.060240963855421686
0.0
0.0
0.0
0.1686746987951807
0.0
0.0
0.1566265060240964
0.0
0.0
0.0963855421686747
0.0
0.0
0.0
0.12048192771084337
0.012048192771084338
0.0
0.0
0.0
0.0
0.0
0.15476190476190477
0.14285714285714285
0.16666666666666666
0.07142857142857142
0.0
0.0
0.0
0.0
0.0
0.0
0.0
0.0
0.0
0.0
0.2857142857142857
0.0
0.0
0.0
0.07142857142857142
0.0
0.0
0.0
0.0
0.08333333333333333
0.32142857142857145
0.0
0.0
0.2619047619047619
0.0
0.23809523809523808
0.0
0.0
0.0
0.0
0.0
0.16666666666666666
0.27380952380952384
0.07142857142857142
0.0
0.19047619047619047
0.0
0.0
0.0
0.0
0.19047619047619047
0.0
0.10714285714285714
0.0
0.17857142857142858
0.0
0.0
0.15476190476190477
0.10714285714285714
0.0
0.0
0.0
0.08333333333333333
0.0
0.0
0.1411764705882353
0.0
0.0
0.0
0.0
0.058823529411764705
0.0
0.011764705882352941
0.0
0.0
0.09411764705882353
0.0
0.0
0.0
0.0
0.0
0.0
0.011764705882352941
0.011764705882352941
0.12941176470588237
0.0
0.0
0.0
0.18823529411764706
0.0
0.0
0.0
0.0
0.011764705882352941
0.17647058823529413
0.0
0.0
0.0
0.2
0.23529411764705882
0.0
0.0
0.0
0.0
0.0
0.0
0.08235294117647059
0.0
0.07058823529411765
0.011764705882352941
0.0
0.0
0.11764705882352941
0.0
0.011764705882352941
0.0
0.23529411764705882
0.0
0.10588235294117647
0.0
0.0
0.0
0.08235294117647059
0.0
0.0
0.0
0.0
0.0
0.0
0.0
0.0
0.0
0.0
0.11627906976744186
0.10465116279069768
0.09302325581395349
0.0
0.0
0.0
0.046511627906976744
0.0
0.046511627906976744
0.0
0.0
0.0
0.0
0.08139534883720931
0.12790697674418605
0.0
0.08139534883720931
0.0
0.0
0.046511627906976744
0.0
0.0
0.0
0.13953488372093023
0.23255813953488372
0.09302325581395349
0.0
0.2441860465116279
0.1744186046511628
0.0
0.0
0.0
0.0
0.0
0.046511627906976744
0.1744186046511628
0.12790697674418605
0.0
0.0
0.0
0.10465116279069768
0.0
0.0
0.0
0.0
0.08139534883720931
0.1744186046511628
0.0
0.0
0.0
0.0
0.0
0.0
0.034482758620689655
0.0
0.0
0.0
0.0
0.0
0.034482758620689655
0.04597701149425287
0.06896551724137931
0.0
0.0
0.11494252873563218
0.0
0.0
0.0
0.0
0.0
0.08045977011494253
0.0
0.08045977011494253
0.0
0.0
0.0
0.034482758620689655
0.3218390804597701
0.0
0.0
0.0
0.0
0.0
0.0
0.0
0.20689655172413793
0.14942528735632185
0.0
0.06896551724137931
0.0
0.0
0.0
0.0
0.0
0.034482758620689655
0.08045977011494253
0.11494252873563218
0.0
0.04597701149425287
0.12643678160919541
0.0
0.0
0.034482758620689655
0.0
0.0
0.08045977011494253
0.1724137931034483
0.0
0.0
0.0
0.0
0.0
0.0
0.0
0.0
0.0
0.0
0.0
0.0
0.0
0.0
0.06818181818181818
0.0
0.125
0.0
0.0
0.03409090909090909
0.2840909090909091
0.07954545454545454
0.0
0.0
0.0
0.0
0.11363636363636363
0.10227272727272728
0.0
0.0
0.0
0.0
0.10227272727272728
0.0
0.0
0.06818181818181818
0.0
0.19318181818181818
0.10227272727272728
0.0
0.0
0.09090909090909091
0.0
0.03409090909090909
0.0
0.09090909090909091
0.0
0.14772727272727273
0.07954545454545454
0.13636363636363635
0.0
0.0
0.0
0.0
0.0
0.0
0.23863636363636365
0.0
0.0
0.0
0.0
0.0
0.125
0.11363636363636363
0.0
0.0
0.0
0.0
0.0
0.0
0.0
0.0
0.0
0.12359550561797752
0.11235955056179775
0.11235955056179775
0.0
0.0
0.0
0.056179775280898875
0.0
0.056179775280898875
0.0
0.0
0.0
0.0
0.0898876404494382
0.1348314606741573
0.0
0.0898876404494382
0.0
0.0
0.056179775280898875
0.0
0.0
0.0
0.14606741573033707
0.23595505617977527
0.10112359550561797
0.0
0.24719101123595505
0.1797752808988764
0.0
0.0
0.0
0.0
0.0
0.056179775280898875
0.1797752808988764
0.1348314606741573
0.0
0.0
0.0
0.11235955056179775
0.0
0.0
0.0
0.0
0.0898876404494382
0.19101123595505617
0.0
0.0
0.0
0.0
0.0
0.0
0.0
0.06666666666666667
0.0
0.0
0.0
0.0
0.0
0.0
0.12222222222222222
0.03333333333333333
0.0
0.07777777777777778
0.0
0.12222222222222222
0.0
0.03333333333333333
0.0
0.0
0.0
0.08888888888888889
0.0
0.0
0.18888888888888888
0.0
0.32222222222222224
0.0
0.0
0.0
0.0
0.1
0.0
0.2
0.17777777777777778
0.23333333333333334
0.0
0.1
0.0
0.1111111111111111
0.0
0.0
0.0
0.0
0.0
0.0
0.06666666666666667
0.1111111111111111
0.0
0.0
0.0
0.0
0.24444444444444444
0.0
0.0
0.18888888888888888
0.03333333333333333
0.0
0.0
0.0
0.0
0.14285714285714285
0.21978021978021978
0.0
0.07692307692307693
0.0
0.0
0.07692307692307693
0.0
0.0
0.0
0.0
0.0
0.12087912087912088
0.0
0.0
0.2857142857142857
0.0
0.0
0.0
0.0
0.0
0.0
0.0
0.0
0.0
0.0
0.0
0.0
0.25274725274725274
0.0
0.07692307692307693
0.08791208791208792
0.24175824175824176
0.2087912087912088
0.23076923076923078
0.25274725274725274
0.0
0.26373626373626374
0.0
0.0
0.18681318681318682
0.0
0.0
0.0
0.16483516483516483
0.0
0.0
0.15384615384615385
0.0
0.0
0.0989010989010989
0.0
0.0
0.0
0.0
0.0
0.10989010989010989
0.0
0.18681318681318682
0.0
0.0
0.0
0.0
0.0
0.0
0.0
0.0
0.0
0.13043478260869565
0.11956521739130435
0.11956521739130435
0.0
0.0
0.0
0.06521739130434782
0.0
0.06521739130434782
0.0
0.0
0.0
0.0
0.09782608695652174
0.14130434782608695
0.0
0.09782608695652174
0.0
0.0
0.06521739130434782
0.0
0.0
0.0
0.15217391304347827
0.2391304347826087
0.11956521739130435
0.0
0.25
0.18478260869565216
0.0
0.0
0.0
0.0
0.0
0.06521739130434782
0.18478260869565216
0.15217391304347827
0.0
0.0
0.0
0.11956521739130435
0.0
0.0
0.0
0.0
0.09782608695652174
0.20652173913043478
0.0
0.0
0.0
0.0
0.0
0.0
0.0
0.0
0.0
0.0
0.0
0.0
0.0
0.0
0.08602150537634409
0.0
0.12903225806451613
0.0
0.0
0.043010752688172046
0.2903225806451613
0.08602150537634409
0.0
0.0
0.0
0.0
0.11827956989247312
0.10752688172043011
0.0
0.0
0.0
0.0
0.10752688172043011
0.0
0.0
0.07526881720430108
0.0
0.20430107526881722
0.11827956989247312
0.0
0.0
0.0967741935483871
0.0
0.043010752688172046
0.0
0.0967741935483871
0.0
0.15053763440860216
0.08602150537634409
0.15053763440860216
0.0
0.0
0.0
0.0
0.0
0.0
0.24731182795698925
0.0
0.0
0.0
0.0
0.0
0.12903225806451613
0.11827956989247312
0.0
0.0
0.0
0.0
0.0
0.0
0.0
0.0
0.0
0.0
0.0851063829787234
0.0
0.1276595744680851
0.0
0.0
0.0425531914893617
0.2872340425531915
0.0851063829787234
0.0
0.0
0.0
0.0
0.11702127659574468
0.10638297872340426
0.0
0.0
0.0
0.0
0.10638297872340426
0.0
0.0
0.07446808510638298
0.0
0.20212765957446807
0.1276595744680851
0.0
0.0
0.09574468085106383
0.0
0.0425531914893617
0.0
0.09574468085106383
0.0
0.14893617021276595
0.0851063829787234
0.1595744680851064
0.0
0.0
0.0
0.0
0.0
0.0
0.24468085106382978
0.0
0.0
0.0
0.0
0.0
0.1276595744680851
0.11702127659574468
0.0
0.0
0.22105263157894736
0.0
0.042105263157894736
0.0
0.0
0.042105263157894736
0.0
0.0
0.12631578947368421
0.08421052631578947
0.0
0.0
0.0
0.0
0.0
0.09473684210526316
0.0
0.0
0.0
0.09473684210526316
0.0
0.0
0.0
0.0
0.3157894736842105
0.0
0.0
0.0
0.0
0.0
0.042105263157894736
0.0
0.0
0.0
0.042105263157894736
0.0
0.2631578947368421
0.08421052631578947
0.0
0.17894736842105263
0.06315789473684211
0.0
0.0
0.16842105263157894
0.042105263157894736
0.0
0.0
0.042105263157894736
0.05263157894736842
0.0
0.042105263157894736
0.0
0.08421052631578947
0.0
0.0
0.0
0.0
0.0
0.0
0.14583333333333334
0.14583333333333334
0.0
0.15625
0.0
0.0
0.0
0.0
0.0
0.0
0.0
0.0
0.0
0.041666666666666664
0.0
0.0
0.0
0.0
0.0
0.125
0.0
0.13541666666666666
0.09375
0.0
0.0
0.0
0.07291666666666667
0.0
0.07291666666666667
0.041666666666666664
0.07291666666666667
0.0
0.0
0.0
0.14583333333333334
0.10416666666666667
0.0
0.0
0.08333333333333333
0.0
0.0
0.0
0.0
0.0
0.11458333333333333
0.17708333333333334
0.11458333333333333
0.0
0.0
0.0
0.0
0.0
0.0
0.0
0.125
0.11458333333333333
0.0
0.0
0.1875
0.0
0.0
0.0
0.0
0.0
0.0
0.0
0.07216494845360824
0.0
0.030927835051546393
0.0
0.12371134020618557
0.0
0.10309278350515463
0.0
0.0
0.07216494845360824
0.0
0.07216494845360824
0.0
0.0
0.05154639175257732
0.061855670103092786
0.09278350515463918
0.0
0.10309278350515463
0.0
0.0
0.0
0.07216494845360824
0.0
0.0
0.0
0.21649484536082475
0.0
0.07216494845360824
0.10309278350515463
0.0
0.0
0.0
0.0
0.0
0.0
0.0
0.0
0.0
0.17525773195876287
0.0
0.030927835051546393
0.0
0.0
0.0
0.25773195876288657
0.14432989690721648
0.0
0.0
0.0
0.1134020618556701
0.0
0.030927835051546393
0.0
0.0
0.15306122448979592
0.1326530612244898
0.16326530612244897
0.07142857142857142
0.0
0.0
0.0
0.0
0.0
0.0
0.0
0.0
0.0
0.0
0.29591836734693877
0.0
0.0
0.0
0.07142857142857142
0.0
0.0
0.0
0.0
0.09183673469387756
0.3163265306122449
0.0
0.0
0.24489795918367346
0.0
0.22448979591836735
0.0
0.0
0.0
0.0
0.0
0.1836734693877551
0.2653061224489796
0.07142857142857142
0.0
0.1836734693877551
0.0
0.0
0.0
0.0
0.1836734693877551
0.0
0.10204081632653061
0.0
0.16326530612244897
0.0
0.0
0.14285714285714285
0.11224489795918367
0.0
0.0
0.0
0.09183673469387756
0.0
0.0
0.0
0.15151515151515152
0.0707070707070707
0.0
0.15151515151515152
0.0
0.0
0.0
0.050505050505050504
0.0
0.0
0.0
0.0
0.04040404040404041
0.0
0.0
0.0
0.0
0.0
0.0
0.08080808080808081
0.1414141414141414
0.0
0.0
0.0
0.050505050505050504
0.0
0.09090909090909091
0.0
0.0
0.0
0.09090909090909091
0.0
0.1414141414141414
0.0
0.010101010101010102
0.1111111111111111
0.0
0.0
0.010101010101010102
0.0
0.0707070707070707
0.0
0.0
0.0
0.0
0.12121212121212122
0.15151515151515152
0.12121212121212122
0.0
0.15151515151515152
0.0
0.0
0.0
0.20202020202020202
0.0
0.0
0.0
0.0
0.0
0.0
0.0
0.0
0.0
0.0
0.0
0.08
0.0
0.0
0.12
0.0
0.05
0.0
0.03
0.0
0.0
0.0
0.0
0.0
0.13
0.1
0.03
0.01
0.01
0.0
0.0
0.0
0.0
0.11
0.0
0.0
0.03
0.0
0.0
0.23
0.12
0.0
0.27
0.0
0.0
0.11
0.07
0.0
0.0
0.0
0.0
0.05
0.0
0.0
0.06
0.0
0.0
0.0
0.0
0.2
0.0
0.0
0.01
0.0
0.0
