0.19479701442224584
0.1706172251728272
0.1994704626089883
0.19360758859840707
0.16329671623157052
0.212158154431934
0.2747009449126745
0.19471903362691745
0.175984937713538
0.21491302840529733
0.16912215992698312
0.1734155778877417
0.17950834023095302
0.19826883868524267
0.22353518123366015
0.18602244371570312
0.17907750969211408
0.18452728106521485
0.178185870461608
0.2084493597467874
0.17261327837311952
0.21563517998417586
0.20103021410482513
0.1975112302380434
0.1807419785379285
0.2047787830048869
0.18098590938761763
0.18518991128422146
0.18241627741560212
0.18644596053704457
0.18788612922079986
0.21526940088012902
0.17543127323149732
0.18451831640793057
0.1925541240936031
0.1903305900655243
0.1659256381461054
0.25748152590513174
0.18071448698553133
0.16231855858051472
0.1834616129203747
0.1776008986656353
0.1805373732413203
0.1603281979137058
0.20746161520103154
0.1905083800814392
0.20500229114563967
0.18936619263636809
0.18288169118157077
0.20764644394168544
0.19209811954236056
0.16166536445025484
0.23076179039489042
0.20697912023095383
0.2275032637405168
0.18918350177920043
0.15209172701567217
0.20818505692657008
0.189202418858226
0.18385706100422985
0.2196023377167892
0.26943402290822965
0.2655934945678568
0.16525806631319975
0.1890105347384347
0.18372665218303735
0.19599402198716329
0.18553182799570092
0.18898000401718956
0.1844622986923655
0.21262339267340907
0.1857010372114834
0.1576253105669531
0.16830040097715365
0.19018891857411657
0.18587084588101274
0.22275870867609898
0.17377052027182074
0.20753302372959598
0.16137131068817726
0.15880400191572636
0.1810989822582744
0.21307382113868764
0.2029873734494017
0.16037181575714676
0.18474169083080616
0.15557701743213842
0.20696542665743348
0.20451991897779528
0.20463223062062955
0.18868007653346347
0.21063585798581722
0.20288231174143695
0.2091804882274962
0.2289878437197047
0.20637145637427853
0.2769348963759689
0.18631356792387818
0.20034111540542862
0.17527290842459664
0.21875930530047022
0.22915755552018938
0.18999524872551468
0.23003868106234676
0.2122253287342841
0.21888958198942138
0.26157825015958636
0.2199566929830433
0.2322328577155604
0.21170812413758416
0.19119924543576391
0.19193752924361268
0.23121404469796464
0.2186787421314958
0.2108995708383633
0.20477406238377358
0.28203918560209623
0.24066848803188043
0.19834943748964542
0.2304899682062395
0.18773361061174873
0.2404568604273224
0.204142289901181
0.22687091586298358
0.18106629031498328
0.18364939637454777
0.24972204837288603
0.19555398317689
0.2248278852646562
0.2271106148434163
0.23841420990766662
0.2064450258298512
0.22390617211263242
0.2593531865019639
0.25214512147232476
0.21260622209708632
0.2616964218364501
0.25146591390070383
0.20349004237485185
0.18609535981769967
0.2354135835032068
0.19305187965801748
0.2457369275720052
0.22870026155110457
0.20294539194227615
0.22961836513394804
0.20792125516770488
0.19931610618003992
0.2237782239891681
0.28367263177007485
0.22099686158221257
0.22316894884235325
0.18559152918178407
0.21124256271004105
0.279094358304444
0.2122138459525663
0.17071512569970176
0.2134593291532638
0.3398903075185473
0.20039390355227155
0.22542093475798963
0.2117607126567321
0.23076408736723975
0.2025447078603269
0.29920633213784187
0.2062357726927702
0.20789206067612415
0.2332936381177069
0.20543515070452814
0.23704331338188686
0.21305375624350328
0.22481208081173018
0.21894647669044548
0.24129767172603742
0.2050722113581491
0.19913584898461145
0.29808063395756157
0.21483020060408314
0.22849105348431575
0.3055686064751062
0.23167397685643024
0.19785209677208151
0.2372964784691097
0.21922207112439604
0.17014738213002198
0.2198409240516817
0.20639201846600855
0.2123327833524588
0.2034311415153847
0.22258413271770686
0.22412740217820395
0.23499703447641362
0.21047325993398094
0.1708577598786778
0.25120468660400036
0.179302818200327
0.21553338518410453
0.2304783592931619
0.21322809226458128
0.24613054839517232
