0.1433603269446397
0.15047742515057377
0.10163225727781493
0.1609246059943849
0.11938028471966769
0.12309408409871765
0.11902472601230714
0.10838644516561889
0.21610005473534727
0.12170082437631684
0.11483850391620798
0.1253810229493691
0.12431561848174681
0.13301442950143866
0.13732512090351037
0.14059224332730805
0.133289369527262
0.11119461512591806
0.14363119987859435
0.15094433028791632
0.1233256742386724
0.11432943818722947
0.10341121728210934
0.14374574209867455
0.13996559419438093
0.1443662687488206
0.15302453502552257
0.17909239612030156
0.12620994115120168
0.12793248930840026
0.1742280178684544
0.14254942808941476
0.14417271147647592
0.15403904681410568
0.09667394866544642
0.1513102015388413
0.16544054065894281
0.13360925671353868
0.12008020073761422
0.11639656566808466
0.1391559806766295
0.15914999364017537
0.12353428280441117
0.13283333132684513
0.11861195344361875
0.13551330240258827
0.12977527751022302
0.13527955836984018
0.11108874201724425
0.14017485014948727
0.10943615248689789
0.15370924340384376
0.11668494602176017
0.13586995087912662
0.12480675009963646
0.13996377295629794
0.12029942038141954
0.11701958419640113
0.14278081507216012
0.12322362273509944
0.15198800348121175
0.11171868749769374
0.14433618806003892
0.10694161576627838
0.15607311382173458
0.11853907593958223
0.14711423659056505
0.1239803035577136
0.12802691797315013
0.11342936698371647
0.13432135849011176
0.15795849741688106
0.12227671920230317
0.1470625782602975
0.1817143696090001
0.1608356099899211
0.11793817094100185
0.13816624850464057
0.1268293241401081
0.14679332627603434
0.15066083133359667
0.15621992285341044
0.1508041419220037
0.12477135685365065
0.1388713418419716
0.13287418926086256
0.1199613975803433
0.11055638212401603
0.12358802377293396
0.13249586116827144
0.1659109015364472
0.17992812977461664
0.11995268332859327
0.15351180221000996
0.13537735611645146
0.10885922366695518
0.12731490252294636
0.17561288642330997
0.13667996201460594
0.11751236326757784
