0.11628289116848436
0.11771144725655111
0.12138878845426886
0.1503697923926738
0.11268110535054693
0.10488408552088838
0.16472700906740712
0.10257609350132663
0.12700410111705557
0.10055369341105479
0.15915599405476014
0.12109134869889693
0.09648732308649656
0.12483279362180119
0.1187177970048538
0.1280624078370859
0.09439357174939639
0.14377590530565998
0.10482108141827913
0.10627558003001539
0.12755727853990773
0.10514522273851011
0.10406488062035447
0.10823277969493672
0.13315179881138783
0.1183292163071872
0.1194941721357379
0.09354442584665451
0.11267255617542057
0.10655351125424552
0.11774738033495367
0.13362052324087514
0.1131349325438519
0.12460202857438825
0.11671994687340412
0.09678734875761691
0.1405161537943102
0.17325252241934136
0.10709028418498626
0.13159603118439517
0.12107971900046814
0.14949449164073814
0.14562420310839144
0.14511375952881875
0.14780777469238912
0.13385330639852797
0.11163658346769866
0.12051762683634695
0.12804588800384684
0.11655188576093062
0.12744242098208344
0.10873306380313295
0.1274241269365083
0.11238602265042046
0.10823347948632
0.11822046110806672
0.09836980642632866
0.10701135468704699
0.13365781394740966
0.11702102631821627
0.1013070567913585
0.16154837385309367
0.10504222500738371
0.08995020593772173
0.12844658322367825
0.12313917555009446
0.11534286660665936
0.10582536334134143
0.12280720122241917
0.12126276950647112
0.10327065867594358
0.11218815639578718
0.10921018775289243
0.15132207732285252
0.10975716795972497
0.09983753076599933
0.11353260171504441
0.09048296071120279
0.12340871830326965
0.11541698993369118
0.09947349174803333
0.10001669750817929
0.1179533791227529
0.10688350737542326
0.11673169519849391
0.1115222438000246
0.146726807685434
0.12754057901065083
0.13756213428839278
0.14918895006664132
0.11353981444763166
0.1151388625167628
0.12194709556260823
0.100810170592979
0.108120226829813
0.10451012677078472
0.10636029360696936
0.1097640258096541
0.09340344964791851
0.15904477677816056
0.1433603269446397
0.15047742515057377
0.10163225727781493
0.1609246059943849
0.11938028471966769
0.12309408409871765
0.11902472601230714
0.10838644516561889
0.21610005473534727
0.12170082437631684
0.11483850391620798
0.1253810229493691
0.12431561848174681
0.13301442950143866
0.13732512090351037
0.14059224332730805
0.133289369527262
0.11119461512591806
0.14363119987859435
0.15094433028791632
0.1233256742386724
0.11432943818722947
0.10341121728210934
0.14374574209867455
0.13996559419438093
0.1443662687488206
0.15302453502552257
0.17909239612030156
0.12620994115120168
0.12793248930840026
0.1742280178684544
0.14254942808941476
0.14417271147647592
0.15403904681410568
0.09667394866544642
0.1513102015388413
0.16544054065894281
0.13360925671353868
0.12008020073761422
0.11639656566808466
0.1391559806766295
0.15914999364017537
0.12353428280441117
0.13283333132684513
0.11861195344361875
0.13551330240258827
0.12977527751022302
0.13527955836984018
0.11108874201724425
0.14017485014948727
0.10943615248689789
0.15370924340384376
0.11668494602176017
0.13586995087912662
0.12480675009963646
0.13996377295629794
0.12029942038141954
0.11701958419640113
0.14278081507216012
0.12322362273509944
0.15198800348121175
0.11171868749769374
0.14433618806003892
0.10694161576627838
0.15607311382173458
0.11853907593958223
0.14711423659056505
0.1239803035577136
0.12802691797315013
0.11342936698371647
0.13432135849011176
0.15795849741688106
0.12227671920230317
0.1470625782602975
0.1817143696090001
0.1608356099899211
0.11793817094100185
0.13816624850464057
0.1268293241401081
0.14679332627603434
0.15066083133359667
0.15621992285341044
0.1508041419220037
0.12477135685365065
0.1388713418419716
0.13287418926086256
0.1199613975803433
0.11055638212401603
0.12358802377293396
0.13249586116827144
0.1659109015364472
0.17992812977461664
0.11995268332859327
0.15351180221000996
0.13537735611645146
0.10885922366695518
0.12731490252294636
0.17561288642330997
0.13667996201460594
0.11751236326757784
