0.068270329111
0.0386681608723
0.0361134882107
0.0417990290267
0.0406196802376
0.0518991270531
0.0395578982182
0.0535013635561
0.0708172524174
0.0393935822387
0.0455157580109
0.0399452428681
0.0397216231645
0.038582931853
0.0401093032214
0.0687144328478
0.043241043124
0.0405860835429
0.0332294298811
0.0396998411488
0.0517079511638
0.0368345292864
0.0375349098218
0.0447971527906
0.0401885186317
0.0414139560614
0.0370684569643
0.0427493377207
0.0543468020352
0.043887413801
0.0331491221308
0.0345226596078
0.036610320294
0.0458199966001
0.0402784418171
0.0388751671436
0.0528604350927
0.0483394757097
0.0664014362322
0.0469070861242
0.0475778839337
0.0594557508394
0.0472115160872
0.0400745429557
0.0390154057191
0.0412205661988
0.0461038037109
0.0414192422481
0.0401812190662
0.045717539925
0.0494728294188
0.0399700506784
0.0381952580769
0.0592195133743
0.0489019967235
0.0425739970872
0.0342106979878
0.0475948208209
0.0499503242061
0.0413745829826
0.0409801416549
0.0453912341377
0.041895182633
0.038010685831
0.0397642501907
0.0476511518198
0.0412237765515
0.0392933487419
0.0422977572473
0.0498363382449
0.0493032336802
0.053442131859
0.0517467652053
0.0468132078663
0.0410844737179
0.047336819209
0.0571984524152
0.0434970791206
0.0420707568955
0.0450174659812
0.039364135695
0.03680673567
0.043714772384
0.0410073803081
0.0452843702318
0.0458610423825
0.0463331220106
0.0475058201267
0.0361541119796
0.0444549138445
0.0388748714625
0.0433351193032
0.0408206969512
0.029940259993
0.0503979310888
0.0454648421375
0.0415293838489
0.0387922684843
0.047156152914
0.043083755649
