0.0246572095847
0.0239864839523
0.0213914423244
0.0208193969557
0.0243289671415
0.0197455982403
0.0335106749871
0.0190455737026
0.0212823610744
0.02342634099
0.0230599279629
0.0253018505588
0.0195090765997
0.0228371770911
0.021961139204
0.0284762439358
0.0228250781383
0.0172315940557
0.0226112553201
0.0199102657414
0.0169405824383
0.0213088595135
0.0194473084819
0.0244554020965
0.0200119774874
0.018709339048
0.0186920032206
0.0203017626824
0.0227790828774
0.0185257418705
0.0268237235844
0.0207052543435
0.0222775596133
0.0185687538783
0.0186724204777
0.0228053746442
0.0190023668249
0.0261375824728
0.0173663410264
0.0210634486736
0.0230379319658
0.0184400613471
0.0200393305859
0.0205911215578
0.0234472323396
0.0208873407265
0.0213406235865
0.0221929147619
0.0232036369475
0.0205899418646
0.0214929087699
0.0240339195557
0.0204767549216
0.0190235103129
0.0245310363195
0.0262000911989
0.0234132363181
0.0182364301778
0.0217463806432
0.0181545670402
0.0213758262385
0.0233780684332
0.0187547639347
0.0211673616475
0.0204156511135
0.0201095524061
0.0258022042161
0.0240444287317
0.0242866569284
0.0203485142929
0.022451508109
0.0221015672088
0.020093937896
0.0196520509631
0.0241932826696
0.0211658772489
0.0216929630009
0.0262590694253
0.0270867471425
0.0229505499362
0.0235969170869
0.0229636389731
0.0262387326373
0.0230824863631
0.0171195107514
0.0224836053031
0.019360428122
0.022022343204
0.0206072322687
0.0156458843179
0.0220765053974
0.0211086829122
0.0208114460142
0.0238665706533
0.0186824765587
0.0238314378708
0.0224421436243
0.024091093992
0.0231194524559
0.027920293816
0.0247720235384
0.0249255438349
0.0278471622096
0.0271883926546
0.0228930298515
0.0275227634508
0.027419743233
0.0256413766568
0.0207192328446
0.0220907666788
0.0274511208338
0.028053436239
0.0229011227266
0.0281305192645
0.0255993880878
0.0355867017352
0.026127482345
0.0256928979821
0.0310961505396
0.0245454292555
0.0348366272044
0.0300580530882
0.0333988652065
0.0239864869092
0.0264649146008
0.0281699203887
0.0264345981445
0.0252924899574
0.0324119869105
0.0283204955629
0.0226129956239
0.0274559187603
0.0201542930916
0.0222422179326
0.0341640516939
0.0289820226974
0.0254211079732
0.0367406883995
0.0292614750492
0.0248095850683
0.0287277509273
0.0244674598333
0.0204113094413
0.0255420149431
0.0246980074236
0.0252972366556
0.0304930852472
0.0335135502693
0.0245781425904
0.0225773252538
0.0202982427403
0.0275654573095
0.0280429031735
0.0290337350765
0.0227168148047
0.0260882405447
0.0199683249958
0.0288557047098
0.0242629108891
0.0281595319181
0.0304463329461
0.02434689991
0.0268543865391
0.0263915414849
0.028058555873
0.0227541500057
0.0381309531667
0.0281265954161
0.0277948969094
0.0239662420512
0.0241753500089
0.0296218799846
0.0252879031627
0.021341483285
0.0285323693782
0.0218688244145
0.0299088940266
0.023387964794
0.0264561645463
0.0238905223881
0.0312385981705
0.0385218162751
0.0323079063764
0.0274846825833
0.0304496443438
0.0263454738164
0.0253052429974
0.0261867262896
0.028031974876
0.0321284927669
0.0254233058809
0.0279661135888
0.029025966374
0.0307975556473
0.0308500261749
0.0272082074701
0.0278410922556
0.0253576348699
0.0263751687547
0.0227492423213

