0.138339390873
0.13494675594
0.150853116315
0.135746088858
0.154503020571
0.141890929735
0.137727280498
0.138586003676
0.133254078277
0.15237916588
0.148312919291
0.141112567771
0.137225237111
0.140596275902
0.15038044608
0.139040697542
0.135952246812
0.152689821527
0.149064226969
0.145531223613
0.138195543201
0.147544866542
0.126319542273
0.164175098499
0.151044774933
0.148365771621
0.136681250889
0.171862146434
0.144277972833
0.131515174011
0.139745895295
0.130346108393
0.137391052324
0.136832203227
0.14231206735
0.154871722692
0.140071554142
0.139644338407
0.143987341198
0.137632044025
0.153520703973
0.148997494349
0.155008470842
0.138672843417
0.151685679884
0.133580317563
0.147185873971
0.155932403043
0.142890098111
0.144092897777
0.129577226707
0.133515752494
0.154281581746
0.151774033821
0.137876523064
0.136744380541
0.144806264411
0.165871191315
0.144467272643
0.136261789971
0.141191438856
0.14961287569
0.127471593351
0.140589541499
0.141139635473
0.139458844661
0.142477271857
0.148555892988
0.151604253254
0.142523345442
0.138198389442
0.132077121009
0.129259972633
0.150203754374
0.146676983961
0.148244297572
0.150666043754
0.154893836431
0.147167446118
0.126632203831
0.146234580842
0.130438074854
0.140771698347
0.147031833628
0.13239188813
0.136023928336
0.145544261715
0.147964532684
0.140660750017
0.149446324811
0.154431981302
0.159556375847
0.153868613059
0.141290397101
0.145977404685
0.13982171081
0.14185043268
0.150827053702
0.146234903358
0.135869157417
