0.0295105280863
0.0301805942241
0.0302578356705
0.0377605068317
0.0306333477138
0.0368837968086
0.0344326809898
0.0322048259839
0.0617694166415
0.0410131328185
0.0377787135336
0.0340461626342
0.0379069823297
0.0429039703491
0.0450008736857
0.0345181569605
0.0370784466471
0.0524714402207
0.0304755484634
0.0559922136472
0.0296397418565
0.0352641291026
0.0348477434233
0.0258946300926
0.0359000303008
0.0394239118695
0.0268279714277
0.0329533616133
0.0353016949727
0.0307665924026
0.0361719974551
0.0334073218269
0.043238436141
0.0519799260026
0.0459655609219
0.0328369443884
0.038960277201
0.0575492162092
0.0301629870016
0.0376403563808
0.03184106485
0.0274504887871
0.0419585774781
0.0305104442969
0.0499157819998
0.0346612331322
0.0358547028306
0.0296630009101
0.032871356354
0.0339748420297
0.0351848629508
0.0316850476487
0.0291532825915
0.0335130134059
0.0266634677873
0.0373632771795
0.0476964313195
0.0282098859611
0.0352703631237
0.0355944802137
0.0443651963896
0.0317057410341
0.0317847889524
0.0468464629733
0.0400111999547
0.0353103116844
0.0299820940272
0.0311161091863
0.03335632989
0.038983037243
0.0354228195881
0.0365815932132
0.0259988100395
0.0266152539249
0.0368185002398
0.0333147279639
0.0472800090991
0.0303881030866
0.0337864598095
0.0325144968089
0.0369537379807
0.0284047494132
0.0371993872553
0.031346330468
0.0270358068379
0.0377967883001
0.0315917191319
0.0394632141009
0.0393350113352
0.033845033999
0.0320304155566
0.049235765201
0.0412449504284
0.0353610387
0.0375411043057
0.0506131361007
0.0403628300518
0.0344997596832
0.0275207139586
0.0360751178928
