0.0328535770395
0.0369904640136
0.0386738396448
0.0312651534239
0.0340520891647
0.0324266750714
0.0324976976405
0.0355453953041
0.0331254067642
0.0388893280523
0.0284113503356
0.0295988356234
0.0271740492975
0.0312748946035
0.0394917762007
0.0457226785649
0.0377643056235
0.0314211696207
0.0335665218896
0.0336087782703
0.0315034101199
0.0324375259438
0.0304106935738
0.0343665366348
0.0396827469363
0.0326285470341
0.0525697437044
0.034312989213
0.0398370750372
0.0322752141277
0.0341887018198
0.0316482311757
0.0342508567693
0.0362759990909
0.0340688895605
0.0345534290153
0.0382949332313
0.0327974899389
0.0339566966137
0.0293098991299
0.0402465946513
0.0359019346352
0.0315882089865
0.0392563991539
0.041676412865
0.029135845691
0.032795842275
0.0290957360621
0.0516090356368
0.034434129388
0.0330133169982
0.0388997587118
0.0330902551193
0.0318106134643
0.0312062448337
0.0370537933156
0.0331338632653
0.0298300306
0.0320946044362
0.0380067723911
0.0420503465233
0.028822103669
0.0340197395592
0.037684812198
0.031789600983
0.0383874046712
0.0370034171917
0.0340638989902
0.0331074339649
0.0366133994386
0.0275977383288
0.0516243405884
0.0280804236376
0.0380374484435
0.0354619275325
0.036101140742
0.0303967090617
0.0342400224573
0.032924595073
0.04209331073
0.0311406222978
0.0331781464188
0.0385655515103
0.0366286504597
0.0291826761007
0.0497953407704
0.0318145701536
0.0284312770554
0.0384486899422
0.0393961423335
0.0257515995664
0.0313859257281
0.031173600693
0.03840700146
0.0413212085317
0.0334996765679
0.0310126066021
0.0318370257484
0.0309585008411
0.0322172541851
0.068270329111
0.0386681608723
0.0361134882107
0.0417990290267
0.0406196802376
0.0518991270531
0.0395578982182
0.0535013635561
0.0708172524174
0.0393935822387
0.0455157580109
0.0399452428681
0.0397216231645
0.038582931853
0.0401093032214
0.0687144328478
0.043241043124
0.0405860835429
0.0332294298811
0.0396998411488
0.0517079511638
0.0368345292864
0.0375349098218
0.0447971527906
0.0401885186317
0.0414139560614
0.0370684569643
0.0427493377207
0.0543468020352
0.043887413801
0.0331491221308
0.0345226596078
0.036610320294
0.0458199966001
0.0402784418171
0.0388751671436
0.0528604350927
0.0483394757097
0.0664014362322
0.0469070861242
0.0475778839337
0.0594557508394
0.0472115160872
0.0400745429557
0.0390154057191
0.0412205661988
0.0461038037109
0.0414192422481
0.0401812190662
0.045717539925
0.0494728294188
0.0399700506784
0.0381952580769
0.0592195133743
0.0489019967235
0.0425739970872
0.0342106979878
0.0475948208209
0.0499503242061
0.0413745829826
0.0409801416549
0.0453912341377
0.041895182633
0.038010685831
0.0397642501907
0.0476511518198
0.0412237765515
0.0392933487419
0.0422977572473
0.0498363382449
0.0493032336802
0.053442131859
0.0517467652053
0.0468132078663
0.0410844737179
0.047336819209
0.0571984524152
0.0434970791206
0.0420707568955
0.0450174659812
0.039364135695
0.03680673567
0.043714772384
0.0410073803081
0.0452843702318
0.0458610423825
0.0463331220106
0.0475058201267
0.0361541119796
0.0444549138445
0.0388748714625
0.0433351193032
0.0408206969512
0.029940259993
0.0503979310888
0.0454648421375
0.0415293838489
0.0387922684843
0.047156152914
0.043083755649
