0
0
0
0
0
0
0
0
0
0
0
0
0
0
0
0
0
0
0
0
0
0
0
0
0
0
0
0
0
0
0
0
0
0
0
0
0
0
0
0
0
0
0
0
0
0
0
0
0
0
0
0
0
0
0
0
0
0
0
0
0.0
0.0
0.0
0.0
0.0
0.0
0.0
0.0
0.0
0.0
0.0
0.0
0.0
0.0
0.0
0.0
0.0
0.0
0.0
0.0
0.0
0.0
0.0
0.0
0.0
0.0
0.0
0.0
0.0
0.0
0.0
0.0
0.0
0.0
0.0
0.0
0.0
0.0
0.0
0.0
0.0
0.0
0.0
0.0
0.0
0.0
0.0
0.0
0.0
0.0
0.0
0.0
0.0
0.0
0.0
0.0
0.0
0.0
0.0
0.0
0.0
0.0
0.0
0.0
0.0
0.0
0.0
0.0
0.0
0.0
0.0
0.0
0.0
0.0
0.0
0.0
0.0
0.0
0.0
0.0
0.0
0.0
0.0
0.0
0.0
0.0
0.0
0.0
0.0
0.0
0.0
0.0
0.0
0.0
0.0
0.0
0.0
0.0
0.0
0.0
0.0
0.0
0.0
0.0
0.0
0.0
0.0
0.0
0.0
0.0
0.0
0.0
0.0
0.0
0.0
0.0
0.0
0.0
0.0
0.0
0.0
0.0
0.0
0.0
0.0
0.0
0.0
0.0
0.0
0.0
0.0
0.0
0.0
0.0
0.0
0.0
0.0
0.0
0.0
0.0
0.0
0.0
0.0
0.0
0.0
0.0
0.0
0.0
0.0
0.0
0.0
0.0
0.25
0.0
0.0
0.0
0.0
0.0
0.0
0.0
0.25
0.0
0.25
0.0
0.0
0.0
0.0
0.25
0.0
0.0
0.0
0.0
0.0
0.0
0.0
0.25
0.0
0.0
0.0
0.0
0.0
0.0
0.0
0.0
0.2
0.0
0.0
0.0
0.0
0.0
0.0
0.0
0.0
0.0
0.0
0.4
0.0
0.0
0.0
0.0
0.0
0.0
0.0
0.0
0.0
0.2
0.0
0.0
0.0
0.0
0.0
0.0
0.0
0.0
0.4
0.0
0.0
0.0
0.0
0.0
0.2
0.0
0.2
0.0
0.0
0.0
0.0
0.0
0.0
0.0
0.0
0.0
0.0
0.0
0.0
0.0
0.0
0.0
0.0
0.0
0.16666666666666666
0.16666666666666666
0.0
0.0
0.0
0.0
0.0
0.0
0.0
0.0
0.0
0.0
0.0
0.16666666666666666
0.0
0.3333333333333333
0.0
0.0
0.0
0.0
0.0
0.0
0.0
0.0
0.0
0.16666666666666666
0.16666666666666666
0.16666666666666666
0.0
0.0
0.0
0.16666666666666666
0.0
0.0
0.0
0.0
0.0
0.0
0.0
0.0
0.0
0.16666666666666666
0.0
0.0
0.0
0.0
0.0
0.0
0.0
0.0
0.0
0.0
0.0
0.0
0.0
0.0
0.0
0.0
0.0
0.16666666666666666
0.0
0.14285714285714285
0.0
0.0
0.14285714285714285
0.0
0.2857142857142857
0.0
0.14285714285714285
0.0
0.0
0.0
0.0
0.14285714285714285
0.0
0.0
0.0
0.0
0.0
0.0
0.14285714285714285
0.0
0.0
0.0
0.0
0.0
0.0
0.0
0.14285714285714285
0.0
0.14285714285714285
0.0
0.2857142857142857
0.0
0.42857142857142855
0.0
0.14285714285714285
0.0
0.0
0.0
0.0
0.14285714285714285
0.0
0.0
0.14285714285714285
0.0
0.14285714285714285
0.0
0.0
0.0
0.0
0.0
0.0
0.0
0.14285714285714285
0.0
0.0
0.0
0.0
0.0
0.25
0.0
0.0
0.0
0.0
0.0
0.0
0.0
0.0
0.0
0.0
0.0
0.0
0.125
0.0
0.0
0.125
0.0
0.0
0.0
0.0
0.0
0.0
0.0
0.25
0.0
0.0
0.0
0.125
0.0
0.125
0.0
0.0
0.0
0.125
0.0
0.125
0.0
0.0
0.0
0.0
0.25
0.25
0.0
0.0
0.0
0.125
0.0
0.0
0.0
0.125
0.125
0.0
0.0
0.0
0.125
0.0
0.0
0.0
0.0
0.2222222222222222
0.0
0.2222222222222222
0.0
0.2222222222222222
0.0
0.0
0.0
0.3333333333333333
0.0
0.1111111111111111
0.0
0.0
0.0
0.0
0.0
0.0
0.0
0.1111111111111111
0.0
0.2222222222222222
0.0
0.0
0.0
0.0
0.2222222222222222
0.0
0.0
0.0
0.0
0.0
0.0
0.0
0.0
0.0
0.0
0.0
0.0
0.0
0.0
0.0
0.1111111111111111
0.0
0.0
0.0
0.0
0.0
0.0
0.0
0.1111111111111111
0.0
0.1111111111111111
0.0
0.1111111111111111
0.0
0.2222222222222222
0.0
0.0
0.0
0.2222222222222222
0.0
0.0
0.0
0.0
0.0
0.1
0.1
0.2
0.0
0.2
0.0
0.0
0.0
0.2
0.0
0.0
0.1
0.0
0.1
0.0
0.1
0.0
0.0
0.0
0.0
0.2
0.0
0.0
0.2
0.0
0.0
0.1
0.0
0.0
0.0
0.1
0.0
0.0
0.0
0.0
0.0
0.1
0.3
0.0
0.0
0.0
0.1
0.2
0.1
0.0
0.0
0.1
0.0
0.0
0.1
0.0
0.0
0.0
0.1
0.1
0.0
0.2727272727272727
0.0
0.0
0.2727272727272727
0.09090909090909091
0.0
0.0
0.0
0.0
0.09090909090909091
0.0
0.0
0.09090909090909091
0.0
0.0
0.0
0.0
0.09090909090909091
0.09090909090909091
0.0
0.0
0.0
0.0
0.18181818181818182
0.18181818181818182
0.0
0.0
0.0
0.0
0.0
0.0
0.18181818181818182
0.0
0.36363636363636365
0.0
0.0
0.0
0.0
0.0
0.0
0.36363636363636365
0.0
0.18181818181818182
0.0
0.0
0.0
0.0
0.0
0.0
0.18181818181818182
0.0
0.09090909090909091
0.18181818181818182
0.0
0.18181818181818182
0.0
0.0
0.0
0.2727272727272727
0.0
0.0
0.0
0.08333333333333333
0.16666666666666666
0.0
0.0
0.25
0.0
0.0
0.08333333333333333
0.16666666666666666
0.0
0.25
0.0
0.0
0.0
0.08333333333333333
0.0
0.0
0.16666666666666666
0.0
0.0
0.0
0.0
0.08333333333333333
0.0
0.0
0.0
0.0
0.0
0.16666666666666666
0.0
0.0
0.16666666666666666
0.0
0.25
0.08333333333333333
0.08333333333333333
0.0
0.0
0.0
0.0
0.0
0.08333333333333333
0.08333333333333333
0.16666666666666666
0.25
0.0
0.0
0.0
0.0
0.0
0.08333333333333333
0.0
0.0
0.0
0.0
0.0
0.25
0.3076923076923077
0.07692307692307693
0.23076923076923078
0.0
0.0
0.0
0.23076923076923078
0.0
0.0
0.0
0.0
0.0
0.07692307692307693
0.0
0.07692307692307693
0.3076923076923077
0.0
0.0
0.0
0.15384615384615385
0.23076923076923078
0.0
0.0
0.0
0.0
0.0
0.0
0.0
0.0
0.0
0.0
0.0
0.0
0.07692307692307693
0.15384615384615385
0.0
0.0
0.0
0.07692307692307693
0.07692307692307693
0.0
0.38461538461538464
0.0
0.0
0.0
0.0
0.23076923076923078
0.0
0.0
0.07692307692307693
0.0
0.0
0.07692307692307693
0.07692307692307693
0.0
0.23076923076923078
0.15384615384615385
0.0
0.0
0.0
0.07142857142857142
0.0
0.0
0.0
0.2857142857142857
0.07142857142857142
0.0
0.07142857142857142
0.0
0.07142857142857142
0.14285714285714285
0.0
0.0
0.0
0.0
0.0
0.14285714285714285
0.07142857142857142
0.14285714285714285
0.0
0.0
0.07142857142857142
0.0
0.0
0.21428571428571427
0.0
0.07142857142857142
0.0
0.14285714285714285
0.0
0.0
0.14285714285714285
0.21428571428571427
0.0
0.0
0.0
0.07142857142857142
0.0
0.0
0.07142857142857142
0.07142857142857142
0.0
0.0
0.0
0.0
0.07142857142857142
0.21428571428571427
0.07142857142857142
0.0
0.07142857142857142
0.0
0.0
0.0
0.0
0.0
0.0
0.14285714285714285
0.07142857142857142
0.14285714285714285
0.0
0.3333333333333333
0.26666666666666666
0.0
0.0
0.26666666666666666
0.0
0.0
0.06666666666666667
0.0
0.06666666666666667
0.06666666666666667
0.0
0.0
0.2
0.0
0.3333333333333333
0.0
0.0
0.13333333333333333
0.06666666666666667
0.2
0.0
0.0
0.06666666666666667
0.0
0.0
0.0
0.0
0.0
0.13333333333333333
0.0
0.2
0.2
0.0
0.3333333333333333
0.0
0.0
0.0
0.0
0.0
0.0
0.2
0.0
0.06666666666666667
0.0
0.06666666666666667
0.06666666666666667
0.06666666666666667
0.0
0.0
0.06666666666666667
0.13333333333333333
0.0
0.0
0.0
0.0
0.0
0.0
0.0
0.13333333333333333
0.0625
0.0
0.0
0.0
0.0625
0.0
0.25
0.0625
0.25
0.0
0.0
0.0
0.0
0.1875
0.125
0.0625
0.1875
0.0
0.0
0.0
0.25
0.0
0.0
0.0625
0.0625
0.1875
0.0
0.0
0.0
0.0
0.0
0.1875
0.1875
0.0
0.25
0.0
0.0
0.0
0.0
0.1875
0.1875
0.1875
0.0
0.0
0.0625
0.0
0.0
0.0
0.0
0.1875
0.0
0.0
0.125
0.1875
0.0625
0.0
0.0
0.125
0.0625
0.0
0.0
0.0
0.0
0.058823529411764705
0.17647058823529413
0.11764705882352941
0.0
0.0
0.0
0.0
0.0
0.11764705882352941
0.0
0.23529411764705882
0.058823529411764705
0.35294117647058826
0.0
0.058823529411764705
0.0
0.0
0.058823529411764705
0.0
0.0
0.0
0.0
0.0
0.0
0.058823529411764705
0.0
0.0
0.0
0.0
0.0
0.0
0.0
0.0
0.23529411764705882
0.0
0.11764705882352941
0.058823529411764705
0.11764705882352941
0.0
0.058823529411764705
0.17647058823529413
0.11764705882352941
0.0
0.0
0.0
0.0
0.058823529411764705
0.058823529411764705
0.17647058823529413
0.058823529411764705
0.0
0.058823529411764705
0.0
0.0
0.0
0.11764705882352941
0.0
0.0
0.05555555555555555
0.0
0.0
0.0
0.1111111111111111
0.0
0.05555555555555555
0.2777777777777778
0.0
0.1111111111111111
0.0
0.0
0.2777777777777778
0.0
0.3333333333333333
0.0
0.0
0.0
0.1111111111111111
0.0
0.1111111111111111
0.0
0.1111111111111111
0.0
0.2222222222222222
0.0
0.0
0.16666666666666666
0.0
0.0
0.05555555555555555
0.2222222222222222
0.0
0.0
0.1111111111111111
0.0
0.0
0.0
0.05555555555555555
0.1111111111111111
0.0
0.1111111111111111
0.05555555555555555
0.1111111111111111
0.0
0.0
0.2222222222222222
0.05555555555555555
0.0
0.0
0.05555555555555555
0.0
0.0
0.05555555555555555
0.16666666666666666
0.0
0.0
0.05555555555555555
0.0
0.10526315789473684
0.10526315789473684
0.0
0.0
0.21052631578947367
0.15789473684210525
0.0
0.0
0.05263157894736842
0.0
0.10526315789473684
0.15789473684210525
0.0
0.21052631578947367
0.0
0.3684210526315789
0.0
0.10526315789473684
0.10526315789473684
0.10526315789473684
0.2631578947368421
0.05263157894736842
0.0
0.0
0.0
0.0
0.0
0.0
0.0
0.0
0.05263157894736842
0.0
0.21052631578947367
0.0
0.0
0.0
0.0
0.05263157894736842
0.0
0.0
0.15789473684210525
0.05263157894736842
0.10526315789473684
0.05263157894736842
0.15789473684210525
0.0
0.0
0.0
0.05263157894736842
0.0
0.0
0.15789473684210525
0.0
0.0
0.0
0.21052631578947367
0.05263157894736842
0.15789473684210525
0.15789473684210525
0.0
0.1
0.1
0.05
0.0
0.0
0.0
0.0
0.1
0.3
0.0
0.15
0.0
0.05
0.2
0.0
0.05
0.0
0.0
0.15
0.0
0.0
0.05
0.0
0.0
0.0
0.25
0.0
0.05
0.05
0.0
0.05
0.0
0.25
0.0
0.0
0.0
0.0
0.1
0.0
0.0
0.2
0.0
0.1
0.1
0.05
0.0
0.15
0.15
0.0
0.0
0.0
0.1
0.15
0.05
0.1
0.0
0.0
0.15
0.0
0.0
0.0
0.0
0.19047619047619047
0.09523809523809523
0.2857142857142857
0.0
0.0
0.0
0.047619047619047616
0.047619047619047616
0.0
0.047619047619047616
0.047619047619047616
0.0
0.047619047619047616
0.42857142857142855
0.0
0.0
0.0
0.19047619047619047
0.0
0.0
0.047619047619047616
0.0
0.09523809523809523
0.23809523809523808
0.0
0.09523809523809523
0.0
0.0
0.0
0.23809523809523808
0.23809523809523808
0.0
0.0
0.047619047619047616
0.0
0.0
0.047619047619047616
0.047619047619047616
0.0
0.09523809523809523
0.0
0.0
0.0
0.09523809523809523
0.23809523809523808
0.0
0.14285714285714285
0.09523809523809523
0.0
0.0
0.14285714285714285
0.0
0.0
0.0
0.0
0.09523809523809523
0.0
0.09523809523809523
0.18181818181818182
0.13636363636363635
0.0
0.045454545454545456
0.2727272727272727
0.045454545454545456
0.0
0.0
0.0
0.0
0.0
0.0
0.045454545454545456
0.2727272727272727
0.0
0.09090909090909091
0.0
0.0
0.0
0.045454545454545456
0.0
0.0
0.0
0.13636363636363635
0.13636363636363635
0.2727272727272727
0.045454545454545456
0.0
0.13636363636363635
0.0
0.045454545454545456
0.0
0.0
0.0
0.0
0.045454545454545456
0.0
0.09090909090909091
0.045454545454545456
0.0
0.0
0.09090909090909091
0.0
0.0
0.0
0.09090909090909091
0.0
0.09090909090909091
0.0
0.09090909090909091
0.0
0.18181818181818182
0.09090909090909091
0.13636363636363635
0.0
0.22727272727272727
0.13636363636363635
0.0
0.0
0.0
0.17391304347826086
0.21739130434782608
0.08695652173913043
0.08695652173913043
0.0
0.0
0.0
0.0
0.0
0.043478260869565216
0.0
0.0
0.08695652173913043
0.30434782608695654
0.0
0.43478260869565216
0.17391304347826086
0.08695652173913043
0.0
0.0
0.2608695652173913
0.08695652173913043
0.043478260869565216
0.0
0.0
0.0
0.0
0.0
0.13043478260869565
0.0
0.08695652173913043
0.13043478260869565
0.0
0.0
0.0
0.043478260869565216
0.0
0.08695652173913043
0.0
0.17391304347826086
0.2608695652173913
0.21739130434782608
0.0
0.0
0.08695652173913043
0.0
0.0
0.0
0.0
0.13043478260869565
0.0
0.17391304347826086
0.08695652173913043
0.0
0.13043478260869565
0.0
0.043478260869565216
0.13043478260869565
0.17391304347826086
0.0
0.25
0.16666666666666666
0.041666666666666664
0.0
0.0
0.0
0.041666666666666664
0.08333333333333333
0.0
0.0
0.0
0.0
0.041666666666666664
0.0
0.0
0.08333333333333333
0.16666666666666666
0.041666666666666664
0.0
0.08333333333333333
0.0
0.125
0.041666666666666664
0.16666666666666666
0.0
0.16666666666666666
0.0
0.041666666666666664
0.0
0.0
0.0
0.0
0.041666666666666664
0.041666666666666664
0.20833333333333334
0.125
0.0
0.0
0.125
0.0
0.041666666666666664
0.0
0.0
0.0
0.0
0.0
0.041666666666666664
0.20833333333333334
0.16666666666666666
0.08333333333333333
0.0
0.0
0.0
0.16666666666666666
0.08333333333333333
0.16666666666666666
0.0
0.125
0.041666666666666664
0.0
0.0
0.0
0.0
0.12
0.0
0.16
0.08
0.0
0.0
0.12
0.2
0.12
0.08
0.32
0.0
0.08
0.0
0.12
0.16
0.0
0.0
0.0
0.0
0.0
0.12
0.0
0.0
0.08
0.08
0.0
0.08
0.0
0.24
0.0
0.0
0.0
0.08
0.0
0.12
0.2
0.28
0.24
0.0
0.0
0.12
0.0
0.0
0.12
0.16
0.0
0.0
0.12
0.0
0.16
0.0
0.0
0.08
0.16
0.0
0.0
0.2692307692307692
0.11538461538461539
0.0
0.0
0.07692307692307693
0.0
0.07692307692307693
0.0
0.0
0.0
0.0
0.07692307692307693
0.0
0.07692307692307693
0.07692307692307693
0.0
0.0
0.038461538461538464
0.11538461538461539
0.11538461538461539
0.07692307692307693
0.0
0.07692307692307693
0.0
0.11538461538461539
0.0
0.0
0.0
0.07692307692307693
0.0
0.038461538461538464
0.0
0.0
0.0
0.0
0.11538461538461539
0.19230769230769232
0.0
0.11538461538461539
0.11538461538461539
0.0
0.0
0.11538461538461539
0.15384615384615385
0.0
0.0
0.0
0.23076923076923078
0.19230769230769232
0.19230769230769232
0.07692307692307693
0.11538461538461539
0.0
0.0
0.0
0.0
0.0
0.19230769230769232
0.038461538461538464
0.0
0.25925925925925924
0.0
0.0
0.07407407407407407
0.07407407407407407
0.0
0.0
0.0
0.07407407407407407
0.1111111111111111
0.037037037037037035
0.07407407407407407
0.07407407407407407
0.0
0.0
0.0
0.07407407407407407
0.0
0.18518518518518517
0.0
0.0
0.0
0.07407407407407407
0.1111111111111111
0.0
0.0
0.0
0.037037037037037035
0.1111111111111111
0.1111111111111111
0.037037037037037035
0.0
0.0
0.037037037037037035
0.0
0.0
0.0
0.0
0.14814814814814814
0.1111111111111111
0.0
0.25925925925925924
0.1111111111111111
0.0
0.0
0.0
0.2222222222222222
0.0
0.0
0.14814814814814814
0.0
0.14814814814814814
0.18518518518518517
0.0
0.0
0.18518518518518517
0.037037037037037035
0.0
0.1111111111111111
0.18518518518518517
0.07142857142857142
0.0
0.03571428571428571
0.10714285714285714
0.0
0.0
0.0
0.0
0.25
0.07142857142857142
0.0
0.0
0.07142857142857142
0.10714285714285714
0.07142857142857142
0.0
0.21428571428571427
0.0
0.17857142857142858
0.0
0.10714285714285714
0.0
0.0
0.0
0.17857142857142858
0.2857142857142857
0.0
0.0
0.14285714285714285
0.10714285714285714
0.0
0.0
0.25
0.0
0.0
0.0
0.0
0.10714285714285714
0.0
0.07142857142857142
0.14285714285714285
0.0
0.14285714285714285
0.0
0.07142857142857142
0.07142857142857142
0.21428571428571427
0.25
0.07142857142857142
0.21428571428571427
0.0
0.17857142857142858
0.0
0.0
0.07142857142857142
0.0
0.14285714285714285
0.0
0.10714285714285714
0.0
0.06896551724137931
0.20689655172413793
0.034482758620689655
0.13793103448275862
0.13793103448275862
0.0
0.0
0.0
0.10344827586206896
0.0
0.06896551724137931
0.0
0.0
0.10344827586206896
0.0
0.10344827586206896
0.0
0.06896551724137931
0.0
0.0
0.0
0.13793103448275862
0.06896551724137931
0.0
0.13793103448275862
0.27586206896551724
0.06896551724137931
0.0
0.0
0.0
0.06896551724137931
0.20689655172413793
0.06896551724137931
0.0
0.034482758620689655
0.0
0.0
0.0
0.0
0.0
0.0
0.0
0.1724137931034483
0.06896551724137931
0.0
0.0
0.06896551724137931
0.13793103448275862
0.0
0.1724137931034483
0.10344827586206896
0.1724137931034483
0.10344827586206896
0.0
0.0
0.20689655172413793
0.13793103448275862
0.20689655172413793
0.0
0.0
0.0
0.13333333333333333
0.0
0.0
0.26666666666666666
0.13333333333333333
0.0
0.0
0.1
0.13333333333333333
0.0
0.13333333333333333
0.0
0.0
0.03333333333333333
0.36666666666666664
0.23333333333333334
0.0
0.13333333333333333
0.16666666666666666
0.13333333333333333
0.0
0.1
0.0
0.13333333333333333
0.0
0.0
0.0
0.0
0.0
0.1
0.0
0.06666666666666667
0.0
0.03333333333333333
0.0
0.0
0.0
0.0
0.1
0.06666666666666667
0.0
0.16666666666666666
0.03333333333333333
0.13333333333333333
0.1
0.0
0.13333333333333333
0.0
0.0
0.1
0.16666666666666666
0.0
0.16666666666666666
0.0
0.2
0.0
0.0
0.16666666666666666
0.0
0.0
0.16129032258064516
0.06451612903225806
0.16129032258064516
0.16129032258064516
0.0
0.0
0.0
0.0
0.0
0.1935483870967742
0.12903225806451613
0.0
0.0
0.03225806451612903
0.12903225806451613
0.0967741935483871
0.0
0.22580645161290322
0.0967741935483871
0.0
0.0
0.0967741935483871
0.0
0.16129032258064516
0.0
0.0
0.06451612903225806
0.16129032258064516
0.0
0.0967741935483871
0.0
0.25806451612903225
0.0
0.0
0.12903225806451613
0.1935483870967742
0.0
0.1935483870967742
0.0
0.25806451612903225
0.0
0.0
0.0
0.03225806451612903
0.0
0.0
0.25806451612903225
0.0967741935483871
0.22580645161290322
0.0
0.0
0.1935483870967742
0.0
0.0
0.0
0.0
0.22580645161290322
0.06451612903225806
0.0967741935483871
0.28125
0.0
0.0
0.0
0.28125
0.15625
0.0
0.09375
0.25
0.0
0.0
0.0
0.09375
0.15625
0.0
0.0
0.0
0.0
0.15625
0.125
0.0
0.0
0.09375
0.0
0.125
0.0
0.0
0.0625
0.125
0.03125
0.0625
0.21875
0.0
0.0625
0.09375
0.0
0.0
0.0
0.0
0.125
0.0
0.0
0.1875
0.0
0.0
0.09375
0.25
0.125
0.0
0.1875
0.09375
0.21875
0.1875
0.0625
0.0
0.0
0.1875
0.0
0.0
0.0
0.2727272727272727
0.18181818181818182
0.06060606060606061
0.0
0.0
0.0
0.12121212121212122
0.0
0.0
0.0
0.0
0.0
0.09090909090909091
0.2727272727272727
0.0
0.0
0.24242424242424243
0.0
0.0
0.18181818181818182
0.0
0.15151515151515152
0.09090909090909091
0.0
0.0
0.15151515151515152
0.09090909090909091
0.0
0.12121212121212122
0.030303030303030304
0.0
0.06060606060606061
0.21212121212121213
0.0
0.0
0.0
0.0
0.12121212121212122
0.09090909090909091
0.0
0.2727272727272727
0.0
0.12121212121212122
0.0
0.0
0.0
0.06060606060606061
0.12121212121212122
0.12121212121212122
0.09090909090909091
0.09090909090909091
0.21212121212121213
0.21212121212121213
0.0
0.0
0.0
0.18181818181818182
0.0
0.0
0.18181818181818182
0.0
0.0
0.029411764705882353
0.0
0.0
0.17647058823529413
0.058823529411764705
0.08823529411764706
0.0
0.058823529411764705
0.0
0.0
0.08823529411764706
0.0
0.08823529411764706
0.0
0.11764705882352941
0.11764705882352941
0.23529411764705882
0.14705882352941177
0.14705882352941177
0.0
0.0
0.0
0.14705882352941177
0.29411764705882354
0.0
0.0
0.0
0.029411764705882353
0.08823529411764706
0.0
0.0
0.029411764705882353
0.0
0.0
0.0
0.0
0.20588235294117646
0.17647058823529413
0.0
0.23529411764705882
0.20588235294117646
0.14705882352941177
0.0
0.0
0.029411764705882353
0.0
0.11764705882352941
0.20588235294117646
0.0
0.0
0.0
0.08823529411764706
0.058823529411764705
0.0
0.0
0.058823529411764705
0.08823529411764706
0.0
0.0
0.0
0.0
0.17142857142857143
0.17142857142857143
0.14285714285714285
0.0
0.0
0.05714285714285714
0.0
0.0
0.17142857142857143
0.0
0.0
0.05714285714285714
0.34285714285714286
0.2571428571428571
0.08571428571428572
0.0
0.2
0.11428571428571428
0.0
0.0
0.02857142857142857
0.0
0.17142857142857143
0.02857142857142857
0.0
0.0
0.0
0.0
0.11428571428571428
0.0
0.02857142857142857
0.0
0.0
0.0
0.14285714285714285
0.0
0.17142857142857143
0.0
0.22857142857142856
0.2
0.0
0.05714285714285714
0.0
0.02857142857142857
0.2571428571428571
0.0
0.0
0.0
0.17142857142857143
0.2571428571428571
0.14285714285714285
0.0
0.0
0.02857142857142857
0.0
0.0
0.08571428571428572
0.1111111111111111
0.0
0.08333333333333333
0.16666666666666666
0.0
0.0
0.1388888888888889
0.1111111111111111
0.0
0.1388888888888889
0.0
0.16666666666666666
0.0
0.0
0.0
0.0
0.1388888888888889
0.1388888888888889
0.25
0.1111111111111111
0.0
0.08333333333333333
0.0
0.0
0.0
0.3055555555555556
0.027777777777777776
0.0
0.16666666666666666
0.0
0.1111111111111111
0.0
0.1111111111111111
0.0
0.0
0.027777777777777776
0.027777777777777776
0.0
0.2222222222222222
0.0
0.0
0.0
0.2222222222222222
0.16666666666666666
0.0
0.08333333333333333
0.1111111111111111
0.16666666666666666
0.0
0.2222222222222222
0.0
0.16666666666666666
0.0
0.16666666666666666
0.1111111111111111
0.0
0.0
0.0
0.05555555555555555
0.0
0.2972972972972973
0.1891891891891892
0.05405405405405406
0.0
0.2702702702702703
0.0
0.08108108108108109
0.0
0.0
0.0
0.05405405405405406
0.10810810810810811
0.08108108108108109
0.2702702702702703
0.0
0.0
0.0
0.05405405405405406
0.0
0.0
0.0
0.0
0.13513513513513514
0.0
0.0
0.1891891891891892
0.0
0.08108108108108109
0.16216216216216217
0.02702702702702703
0.13513513513513514
0.21621621621621623
0.0
0.05405405405405406
0.0
0.02702702702702703
0.0
0.0
0.0
0.21621621621621623
0.0
0.2702702702702703
0.13513513513513514
0.10810810810810811
0.08108108108108109
0.10810810810810811
0.0
0.0
0.0
0.0
0.13513513513513514
0.16216216216216217
0.0
0.0
0.08108108108108109
0.0
0.0
0.0
0.10810810810810811
0.1891891891891892
0.13157894736842105
0.0
0.13157894736842105
0.21052631578947367
0.13157894736842105
0.0
0.0
0.10526315789473684
0.07894736842105263
0.0
0.0
0.0
0.0
0.15789473684210525
0.0
0.0
0.02631578947368421
0.0
0.07894736842105263
0.13157894736842105
0.18421052631578946
0.0
0.13157894736842105
0.0
0.18421052631578946
0.0
0.0
0.05263157894736842
0.0
0.13157894736842105
0.0
0.13157894736842105
0.0
0.0
0.10526315789473684
0.10526315789473684
0.0
0.0
0.0
0.21052631578947367
0.0
0.2631578947368421
0.0
0.02631578947368421
0.0
0.10526315789473684
0.0
0.15789473684210525
0.15789473684210525
0.23684210526315788
0.0
0.0
0.0
0.10526315789473684
0.0
0.0
0.05263157894736842
0.07894736842105263
0.0
0.0
0.0
0.1282051282051282
0.07692307692307693
0.0
0.0
0.1794871794871795
0.0
0.10256410256410256
0.0
0.07692307692307693
0.1794871794871795
0.10256410256410256
0.0
0.1794871794871795
0.0
0.0
0.02564102564102564
0.10256410256410256
0.2564102564102564
0.0
0.0
0.0
0.05128205128205128
0.10256410256410256
0.1794871794871795
0.0
0.0
0.0
0.0
0.05128205128205128
0.15384615384615385
0.0
0.1282051282051282
0.0
0.0
0.05128205128205128
0.0
0.15384615384615385
0.0
0.0
0.07692307692307693
0.15384615384615385
0.15384615384615385
0.0
0.1282051282051282
0.0
0.0
0.0
0.0
0.20512820512820512
0.15384615384615385
0.0
0.07692307692307693
0.15384615384615385
0.0
0.0
0.05128205128205128
0.0
0.1282051282051282
0.20512820512820512
0.15
0.175
0.0
0.225
0.175
0.175
0.0
0.1
0.0
0.0
0.0
0.0
0.05
0.0
0.0
0.0
0.25
0.0
0.25
0.2
0.2
0.0
0.15
0.0
0.0
0.2
0.075
0.0
0.15
0.0
0.0
0.15
0.0
0.0
0.0
0.0
0.075
0.025
0.1
0.125
0.25
0.1
0.0
0.05
0.1
0.0
0.0
0.0
0.0
0.0
0.0
0.175
0.25
0.0
0.1
0.2
0.0
0.1
0.125
0.0
0.0
0.1951219512195122
0.0
0.21951219512195122
0.0
0.0
0.0
0.12195121951219512
0.12195121951219512
0.0
0.1951219512195122
0.1951219512195122
0.0
0.17073170731707318
0.04878048780487805
0.0
0.0
0.07317073170731707
0.0
0.14634146341463414
0.0
0.07317073170731707
0.14634146341463414
0.0
0.0
0.1951219512195122
0.0
0.07317073170731707
0.0
0.0
0.17073170731707318
0.14634146341463414
0.0
0.07317073170731707
0.14634146341463414
0.0
0.0
0.17073170731707318
0.0
0.0
0.0
0.0
0.17073170731707318
0.04878048780487805
0.14634146341463414
0.12195121951219512
0.0
0.0
0.0
0.0975609756097561
0.0
0.21951219512195122
0.0975609756097561
0.0
0.04878048780487805
0.0
0.0
0.0975609756097561
0.07317073170731707
0.0
0.16666666666666666
0.0
0.14285714285714285
0.23809523809523808
0.0
0.0
0.0
0.0
0.09523809523809523
0.023809523809523808
0.0
0.19047619047619047
0.07142857142857142
0.19047619047619047
0.07142857142857142
0.0
0.0
0.0
0.0
0.0
0.0
0.09523809523809523
0.023809523809523808
0.11904761904761904
0.0
0.2857142857142857
0.023809523809523808
0.07142857142857142
0.0
0.0
0.07142857142857142
0.0
0.0
0.07142857142857142
0.11904761904761904
0.11904761904761904
0.0
0.09523809523809523
0.0
0.0
0.0
0.2857142857142857
0.0
0.0
0.047619047619047616
0.0
0.07142857142857142
0.0
0.0
0.09523809523809523
0.16666666666666666
0.19047619047619047
0.09523809523809523
0.0
0.07142857142857142
0.023809523809523808
0.07142857142857142
0.0
0.0
0.0
0.0
0.0
0.0
0.09302325581395349
0.0
0.0
0.11627906976744186
0.16279069767441862
0.20930232558139536
0.0
0.20930232558139536
0.11627906976744186
0.0
0.18604651162790697
0.06976744186046512
0.0
0.0
0.11627906976744186
0.27906976744186046
0.13953488372093023
0.0
0.0
0.06976744186046512
0.0
0.13953488372093023
0.0
0.0
0.0
0.16279069767441862
0.06976744186046512
0.18604651162790697
0.20930232558139536
0.0
0.046511627906976744
0.16279069767441862
0.0
0.0
0.0
0.20930232558139536
0.0
0.0
0.0
0.13953488372093023
0.11627906976744186
0.0
0.0
0.0
0.16279069767441862
0.0
0.11627906976744186
0.11627906976744186
0.18604651162790697
0.09302325581395349
0.16279069767441862
0.06976744186046512
0.0
0.0
0.13953488372093023
0.0
0.0
0.0
0.0
0.0
0.0
0.0
0.20454545454545456
0.13636363636363635
0.0
0.20454545454545456
0.045454545454545456
0.0
0.0
0.09090909090909091
0.20454545454545456
0.06818181818181818
0.11363636363636363
0.0
0.11363636363636363
0.0
0.13636363636363635
0.0
0.0
0.0
0.0
0.0
0.045454545454545456
0.022727272727272728
0.0
0.1590909090909091
0.06818181818181818
0.0
0.20454545454545456
0.13636363636363635
0.0
0.13636363636363635
0.06818181818181818
0.0
0.0
0.0
0.0
0.09090909090909091
0.29545454545454547
0.22727272727272727
0.0
0.0
0.0
0.11363636363636363
0.22727272727272727
0.1590909090909091
0.13636363636363635
0.18181818181818182
0.22727272727272727
0.0
0.1590909090909091
0.0
0.0
0.0
0.0
0.09090909090909091
0.0
0.17777777777777778
0.17777777777777778
0.06666666666666667
0.0
0.17777777777777778
0.0
0.0
0.06666666666666667
0.2222222222222222
0.0
0.06666666666666667
0.0
0.0
0.24444444444444444
0.0
0.1111111111111111
0.0
0.022222222222222223
0.0
0.0
0.0
0.0
0.044444444444444446
0.13333333333333333
0.2
0.0
0.0
0.06666666666666667
0.0
0.044444444444444446
0.0
0.0
0.13333333333333333
0.08888888888888889
0.13333333333333333
0.0
0.0
0.044444444444444446
0.0
0.0
0.24444444444444444
0.28888888888888886
0.2222222222222222
0.0
0.0
0.0
0.2
0.2222222222222222
0.15555555555555556
0.0
0.0
0.2
0.0
0.0
0.06666666666666667
0.13333333333333333
0.0
0.0
0.1111111111111111
0.2
0.17391304347826086
0.0
0.06521739130434782
0.2608695652173913
0.0
0.0
0.13043478260869565
0.10869565217391304
0.0
0.0
0.0
0.0
0.10869565217391304
0.2391304347826087
0.08695652173913043
0.0
0.2391304347826087
0.0
0.2826086956521739
0.0
0.1956521739130435
0.0
0.0
0.0
0.1956521739130435
0.0
0.043478260869565216
0.0
0.17391304347826086
0.043478260869565216
0.0
0.17391304347826086
0.0
0.043478260869565216
0.0
0.0
0.0
0.10869565217391304
0.21739130434782608
0.13043478260869565
0.0
0.30434782608695654
0.0
0.0
0.06521739130434782
0.0
0.0
0.2391304347826087
0.0
0.17391304347826086
0.043478260869565216
0.0
0.2391304347826087
0.0
0.06521739130434782
0.0
0.0
0.15217391304347827
0.10869565217391304
0.1956521739130435
0.19148936170212766
0.19148936170212766
0.0
0.0
0.0
0.2127659574468085
0.0
0.10638297872340426
0.2553191489361702
0.0
0.02127659574468085
0.10638297872340426
0.0
0.1702127659574468
0.0
0.0
0.06382978723404255
0.0
0.2765957446808511
0.0
0.0
0.0
0.0851063829787234
0.0
0.1276595744680851
0.2765957446808511
0.0
0.0851063829787234
0.1702127659574468
0.0
0.0
0.0
0.0
0.0
0.0
0.0851063829787234
0.14893617021276595
0.0
0.0851063829787234
0.0
0.2553191489361702
0.0
0.2553191489361702
0.0851063829787234
0.0
0.0
0.0
0.2553191489361702
0.0
0.1702127659574468
0.0
0.2127659574468085
0.1276595744680851
0.1702127659574468
0.10638297872340426
0.14893617021276595
0.0
0.1702127659574468
0.0
0.0
0.0
0.0
0.0
0.0
0.125
0.041666666666666664
0.14583333333333334
0.0
0.10416666666666667
0.0
0.20833333333333334
0.20833333333333334
0.0
0.22916666666666666
0.10416666666666667
0.14583333333333334
0.0
0.0
0.2916666666666667
0.1875
0.20833333333333334
0.0
0.0
0.10416666666666667
0.0
0.2708333333333333
0.08333333333333333
0.0
0.0
0.0
0.1875
0.0
0.16666666666666666
0.0
0.0
0.0625
0.0625
0.0
0.22916666666666666
0.0
0.10416666666666667
0.14583333333333334
0.0
0.0
0.10416666666666667
0.0
0.0
0.2708333333333333
0.0
0.0
0.1875
0.20833333333333334
0.0
0.10416666666666667
0.10416666666666667
0.041666666666666664
0.0
0.125
0.0
0.0
0.12244897959183673
0.0
0.08163265306122448
0.2653061224489796
0.0
0.0
0.0
0.0
0.12244897959183673
0.12244897959183673
0.20408163265306123
0.0
0.0
0.1836734693877551
0.0
0.08163265306122448
0.08163265306122448
0.08163265306122448
0.12244897959183673
0.14285714285714285
0.0
0.0
0.0
0.04081632653061224
0.22448979591836735
0.0
0.0
0.0
0.0
0.0
0.1836734693877551
0.0
0.0
0.0
0.12244897959183673
0.0
0.061224489795918366
0.12244897959183673
0.10204081632653061
0.0
0.0
0.10204081632653061
0.14285714285714285
0.0
0.0
0.12244897959183673
0.0
0.16326530612244897
0.14285714285714285
0.20408163265306123
0.0
0.0
0.0
0.16326530612244897
0.08163265306122448
0.0
0.0
0.12244897959183673
0.10204081632653061
0.0
0.12
0.0
0.1
0.0
0.0
0.06
0.0
0.0
0.12
0.04
0.0
0.12
0.06
0.0
0.0
0.26
0.24
0.0
0.12
0.16
0.0
0.12
0.0
0.14
0.22
0.3
0.0
0.0
0.0
0.0
0.08
0.0
0.0
0.06
0.16
0.02
0.0
0.16
0.0
0.0
0.0
0.16
0.0
0.0
0.08
0.1
0.06
0.3
0.0
0.0
0.06
0.24
0.0
0.0
0.0
0.0
0.0
0.18
0.14
0.08
0.0
0.11764705882352941
0.09803921568627451
0.0
0.17647058823529413
0.0
0.0
0.0
0.13725490196078433
0.13725490196078433
0.23529411764705882
0.0
0.0
0.2549019607843137
0.0
0.1568627450980392
0.11764705882352941
0.0
0.0784313725490196
0.1568627450980392
0.0
0.0
0.0
0.11764705882352941
0.0
0.058823529411764705
0.09803921568627451
0.0
0.0
0.09803921568627451
0.21568627450980393
0.17647058823529413
0.0
0.0196078431372549
0.13725490196078433
0.0784313725490196
0.09803921568627451
0.0
0.0
0.0
0.0
0.3137254901960784
0.0
0.11764705882352941
0.0
0.0
0.0
0.0
0.0392156862745098
0.21568627450980393
0.058823529411764705
0.0
0.0
0.17647058823529413
0.0
0.0
0.058823529411764705
0.17647058823529413
0.11764705882352941
0.0
0.0
0.19230769230769232
0.11538461538461539
0.2692307692307692
0.21153846153846154
0.0
0.0
0.0
0.1346153846153846
0.0
0.057692307692307696
0.0
0.11538461538461539
0.0
0.0
0.0
0.11538461538461539
0.057692307692307696
0.3076923076923077
0.0
0.09615384615384616
0.0
0.0
0.15384615384615385
0.1346153846153846
0.0
0.038461538461538464
0.0
0.0
0.11538461538461539
0.0
0.0
0.0
0.07692307692307693
0.0
0.0
0.0
0.17307692307692307
0.09615384615384616
0.09615384615384616
0.25
0.0
0.15384615384615385
0.0
0.0
0.07692307692307693
0.07692307692307693
0.17307692307692307
0.038461538461538464
0.21153846153846154
0.07692307692307693
0.0
0.0
0.17307692307692307
0.09615384615384616
0.0
0.0
0.19230769230769232
0.0
0.0
0.20754716981132076
0.1320754716981132
0.0
0.0
0.0
0.0
0.1509433962264151
0.0
0.1320754716981132
0.0
0.03773584905660377
0.11320754716981132
0.0
0.18867924528301888
0.11320754716981132
0.0
0.09433962264150944
0.1320754716981132
0.3018867924528302
0.0
0.11320754716981132
0.0
0.0
0.1320754716981132
0.0
0.18867924528301888
0.0
0.0
0.1320754716981132
0.0
0.09433962264150944
0.05660377358490566
0.1509433962264151
0.05660377358490566
0.0
0.0
0.11320754716981132
0.1320754716981132
0.0
0.0
0.0
0.32075471698113206
0.0
0.1320754716981132
0.0
0.0
0.0
0.0
0.16981132075471697
0.18867924528301888
0.18867924528301888
0.0
0.09433962264150944
0.18867924528301888
0.0
0.0
0.0
0.1509433962264151
0.11320754716981132
0.0
0.2037037037037037
0.2037037037037037
0.0
0.0
0.18518518518518517
0.07407407407407407
0.0
0.0
0.14814814814814814
0.0
0.07407407407407407
0.0
0.07407407407407407
0.25925925925925924
0.0
0.0
0.14814814814814814
0.0
0.0
0.0
0.0
0.09259259259259259
0.0
0.05555555555555555
0.12962962962962962
0.18518518518518517
0.05555555555555555
0.0
0.0
0.05555555555555555
0.0
0.0
0.16666666666666666
0.0
0.0
0.1111111111111111
0.0
0.05555555555555555
0.0
0.18518518518518517
0.0
0.16666666666666666
0.14814814814814814
0.05555555555555555
0.0
0.09259259259259259
0.0
0.2962962962962963
0.16666666666666666
0.16666666666666666
0.0
0.2037037037037037
0.0
0.0
0.0
0.0
0.05555555555555555
0.0
0.037037037037037035
0.07407407407407407
0.14545454545454545
0.14545454545454545
0.10909090909090909
0.09090909090909091
0.0
0.0
0.0
0.14545454545454545
0.0
0.05454545454545454
0.0
0.12727272727272726
0.07272727272727272
0.0
0.0
0.0
0.0
0.0
0.32727272727272727
0.16363636363636364
0.0
0.0
0.14545454545454545
0.05454545454545454
0.0
0.2
0.10909090909090909
0.0
0.0
0.03636363636363636
0.03636363636363636
0.0
0.16363636363636364
0.03636363636363636
0.0
0.09090909090909091
0.07272727272727272
0.0
0.0
0.0
0.10909090909090909
0.32727272727272727
0.0
0.14545454545454545
0.0
0.0
0.0
0.0
0.0
0.2
0.2
0.2
0.12727272727272726
0.18181818181818182
0.0
0.05454545454545454
0.0
0.0
0.12727272727272726
0.0
0.0
0.0
0.05357142857142857
0.05357142857142857
0.125
0.10714285714285714
0.0
0.0
0.0
0.05357142857142857
0.05357142857142857
0.0
0.0
0.19642857142857142
0.0
0.0
0.10714285714285714
0.14285714285714285
0.14285714285714285
0.16071428571428573
0.0
0.07142857142857142
0.0
0.14285714285714285
0.0
0.0
0.03571428571428571
0.0
0.0
0.0
0.21428571428571427
0.0
0.16071428571428573
0.0
0.0
0.0
0.14285714285714285
0.0
0.10714285714285714
0.125
0.25
0.0
0.0
0.14285714285714285
0.0
0.0
0.0
0.30357142857142855
0.0
0.17857142857142858
0.10714285714285714
0.16071428571428573
0.125
0.17857142857142858
0.08928571428571429
0.0
0.0
0.0
0.0
0.08928571428571429
0.22807017543859648
0.15789473684210525
0.12280701754385964
0.10526315789473684
0.0
0.0
0.0
0.10526315789473684
0.0
0.14035087719298245
0.0
0.0
0.08771929824561403
0.2631578947368421
0.0
0.08771929824561403
0.0
0.0
0.3333333333333333
0.15789473684210525
0.19298245614035087
0.0
0.08771929824561403
0.15789473684210525
0.0
0.0
0.0
0.0
0.0
0.05263157894736842
0.0
0.07017543859649122
0.0
0.07017543859649122
0.0
0.08771929824561403
0.14035087719298245
0.17543859649122806
0.0
0.0
0.0
0.3333333333333333
0.15789473684210525
0.0
0.0
0.10526315789473684
0.0
0.2982456140350877
0.0
0.22807017543859648
0.0
0.15789473684210525
0.21052631578947367
0.0
0.0
0.0
0.05263157894736842
0.15789473684210525
0.0
0.08771929824561403
0.20689655172413793
0.20689655172413793
0.1206896551724138
0.0
0.0
0.0
0.0
0.06896551724137931
0.22413793103448276
0.0
0.0
0.0
0.06896551724137931
0.0
0.0
0.08620689655172414
0.15517241379310345
0.034482758620689655
0.0
0.1724137931034483
0.1206896551724138
0.1206896551724138
0.0
0.15517241379310345
0.0
0.0
0.06896551724137931
0.0
0.0
0.1206896551724138
0.0
0.06896551724137931
0.1724137931034483
0.0
0.0
0.0
0.0
0.1724137931034483
0.0
0.1896551724137931
0.0
0.3275862068965517
0.15517241379310345
0.0
0.05172413793103448
0.10344827586206896
0.08620689655172414
0.0
0.1896551724137931
0.22413793103448276
0.0
0.22413793103448276
0.0
0.20689655172413793
0.06896551724137931
0.06896551724137931
0.0
0.0
0.0
0.0
0.2033898305084746
0.15254237288135594
0.05084745762711865
0.0
0.0
0.0
0.0
0.0
0.22033898305084745
0.05084745762711865
0.0
0.0
0.11864406779661017
0.0
0.0
0.0
0.22033898305084745
0.06779661016949153
0.0
0.1694915254237288
0.2033898305084746
0.1016949152542373
0.0
0.0
0.0
0.22033898305084745
0.0
0.06779661016949153
0.1694915254237288
0.06779661016949153
0.0
0.0
0.0
0.0
0.13559322033898305
0.01694915254237288
0.1694915254237288
0.0
0.1016949152542373
0.1864406779661017
0.0
0.0
0.0
0.0
0.01694915254237288
0.0
0.06779661016949153
0.11864406779661017
0.13559322033898305
0.2033898305084746
0.2033898305084746
0.0
0.15254237288135594
0.0
0.01694915254237288
0.0
0.06779661016949153
0.0
0.0
0.11864406779661017
0.21666666666666667
0.16666666666666666
0.05
0.0
0.18333333333333332
0.0
0.0
0.1
0.16666666666666666
0.0
0.0
0.0
0.0
0.26666666666666666
0.08333333333333333
0.15
0.0
0.05
0.08333333333333333
0.0
0.0
0.1
0.0
0.0
0.13333333333333333
0.0
0.0
0.0
0.16666666666666666
0.06666666666666667
0.05
0.0
0.18333333333333332
0.0
0.0
0.0
0.11666666666666667
0.0
0.0
0.1
0.08333333333333333
0.16666666666666666
0.0
0.0
0.06666666666666667
0.11666666666666667
0.0
0.16666666666666666
0.0
0.2
0.0
0.21666666666666667
0.0
0.0
0.08333333333333333
0.08333333333333333
0.06666666666666667
0.0
0.03333333333333333
0.0
0.22950819672131148
0.0
0.13114754098360656
0.06557377049180328
0.19672131147540983
0.11475409836065574
0.0
0.01639344262295082
0.0
0.0
0.0
0.0
0.0
0.19672131147540983
0.0
0.0
0.22950819672131148
0.0
0.0
0.18032786885245902
0.0
0.0
0.09836065573770492
0.16393442622950818
0.0
0.22950819672131148
0.0
0.08196721311475409
0.13114754098360656
0.08196721311475409
0.0
0.16393442622950818
0.0
0.0
0.13114754098360656
0.0
0.0
0.0
0.19672131147540983
0.21311475409836064
0.2459016393442623
0.16393442622950818
0.0
0.03278688524590164
0.0
0.0
0.08196721311475409
0.0
0.0
0.21311475409836064
0.09836065573770492
0.0
0.09836065573770492
0.09836065573770492
0.0
0.0
0.0
0.13114754098360656
0.04918032786885246
0.08196721311475409
0.24193548387096775
0.0
0.12903225806451613
0.06451612903225806
0.0
0.08064516129032258
0.0
0.0
0.0
0.06451612903225806
0.03225806451612903
0.11290322580645161
0.08064516129032258
0.0
0.0967741935483871
0.11290322580645161
0.0
0.0
0.0
0.0
0.0
0.0
0.0
0.16129032258064516
0.14516129032258066
0.22580645161290322
0.0
0.0
0.1935483870967742
0.0967741935483871
0.08064516129032258
0.1774193548387097
0.0
0.08064516129032258
0.0
0.11290322580645161
0.0
0.1935483870967742
0.11290322580645161
0.0
0.0
0.3387096774193548
0.0
0.0
0.0
0.11290322580645161
0.0967741935483871
0.12903225806451613
0.06451612903225806
0.0
0.0
0.0
0.0
0.0
0.03225806451612903
0.0
0.08064516129032258
0.1935483870967742
0.04838709677419355
0.0
0.2222222222222222
0.20634920634920634
0.14285714285714285
0.0
0.12698412698412698
0.0
0.0
0.031746031746031744
0.0
0.047619047619047616
0.0
0.12698412698412698
0.0
0.0
0.0
0.15873015873015872
0.0
0.06349206349206349
0.0
0.19047619047619047
0.0
0.07936507936507936
0.047619047619047616
0.0
0.0
0.0
0.0
0.06349206349206349
0.12698412698412698
0.047619047619047616
0.0
0.0
0.19047619047619047
0.0
0.14285714285714285
0.031746031746031744
0.07936507936507936
0.0
0.0
0.1111111111111111
0.25396825396825395
0.09523809523809523
0.0
0.0
0.0
0.0
0.15873015873015872
0.0
0.0
0.1746031746031746
0.1111111111111111
0.2222222222222222
0.20634920634920634
0.0
0.09523809523809523
0.14285714285714285
0.0
0.0
0.0
0.09523809523809523
0.265625
0.0
0.0
0.109375
0.0
0.0
0.109375
0.0
0.234375
0.0
0.0625
0.125
0.046875
0.0
0.0625
0.0
0.0
0.09375
0.3125
0.171875
0.203125
0.0
0.0
0.1875
0.0
0.25
0.0
0.0
0.203125
0.0
0.046875
0.09375
0.0
0.0
0.140625
0.0
0.0
0.125
0.0
0.125
0.109375
0.0
0.0
0.15625
0.09375
0.0
0.0
0.0
0.140625
0.234375
0.109375
0.21875
0.0
0.171875
0.09375
0.0
0.0
0.0
0.0
0.171875
0.0
0.0
0.12307692307692308
0.0
0.0
0.12307692307692308
0.0
0.13846153846153847
0.23076923076923078
0.07692307692307693
0.06153846153846154
0.12307692307692308
0.0
0.2
0.0
0.16923076923076924
0.1076923076923077
0.07692307692307693
0.09230769230769231
0.0
0.0
0.0
0.0
0.07692307692307693
0.2
0.0
0.0
0.0
0.0
0.015384615384615385
0.0
0.16923076923076924
0.0
0.06153846153846154
0.13846153846153847
0.09230769230769231
0.12307692307692308
0.0
0.0
0.0
0.0
0.0
0.2
0.07692307692307693
0.0
0.0
0.03076923076923077
0.2923076923076923
0.0
0.23076923076923078
0.12307692307692308
0.16923076923076924
0.15384615384615385
0.0
0.0
0.0
0.0
0.13846153846153847
0.1076923076923077
0.0
0.22727272727272727
0.0
0.0
0.09090909090909091
0.18181818181818182
0.12121212121212122
0.0
0.0
0.0
0.06060606060606061
0.0
0.0
0.07575757575757576
0.18181818181818182
0.0
0.12121212121212122
0.0
0.07575757575757576
0.0
0.18181818181818182
0.21212121212121213
0.0
0.0
0.15151515151515152
0.19696969696969696
0.0
0.0
0.07575757575757576
0.0
0.12121212121212122
0.09090909090909091
0.0
0.19696969696969696
0.09090909090909091
0.15151515151515152
0.0
0.0
0.0
0.0
0.0
0.09090909090909091
0.0
0.16666666666666666
0.0
0.0
0.10606060606060606
0.09090909090909091
0.2878787878787879
0.0
0.22727272727272727
0.19696969696969696
0.0
0.0
0.19696969696969696
0.09090909090909091
0.09090909090909091
0.07575757575757576
0.0
0.0
0.0
0.13432835820895522
0.208955223880597
0.05970149253731343
0.0
0.0
0.16417910447761194
0.0
0.0
0.0
0.08955223880597014
0.0
0.16417910447761194
0.07462686567164178
0.0
0.04477611940298507
0.0
0.0
0.08955223880597014
0.1044776119402985
0.1791044776119403
0.0
0.0
0.0
0.08955223880597014
0.0
0.23880597014925373
0.0
0.029850746268656716
0.13432835820895522
0.0
0.0
0.1791044776119403
0.19402985074626866
0.0
0.16417910447761194
0.0
0.13432835820895522
0.13432835820895522
0.0
0.0
0.08955223880597014
0.3283582089552239
0.0
0.16417910447761194
0.0
0.0
0.0
0.29850746268656714
0.0
0.0
0.11940298507462686
0.0
0.208955223880597
0.19402985074626866
0.0
0.08955223880597014
0.0
0.19402985074626866
0.0
0.11940298507462686
0.2647058823529412
0.0
0.058823529411764705
0.0
0.19117647058823528
0.14705882352941177
0.11764705882352941
0.0
0.0
0.0
0.0
0.0
0.08823529411764706
0.19117647058823528
0.07352941176470588
0.17647058823529413
0.11764705882352941
0.0
0.10294117647058823
0.0
0.0
0.0
0.0
0.08823529411764706
0.22058823529411764
0.058823529411764705
0.0
0.0
0.0
0.029411764705882353
0.08823529411764706
0.0
0.0
0.0
0.0
0.10294117647058823
0.08823529411764706
0.058823529411764705
0.10294117647058823
0.0
0.25
0.3235294117647059
0.0
0.10294117647058823
0.0
0.0
0.029411764705882353
0.0
0.0
0.25
0.0
0.22058823529411764
0.20588235294117646
0.20588235294117646
0.0
0.10294117647058823
0.0
0.19117647058823528
0.0
0.0
0.2318840579710145
0.15942028985507245
0.0
0.0
0.18840579710144928
0.0
0.13043478260869565
0.0
0.15942028985507245
0.0
0.043478260869565216
0.0
0.08695652173913043
0.0
0.0
0.0
0.21739130434782608
0.10144927536231885
0.0
0.18840579710144928
0.0
0.0
0.014492753623188406
0.0
0.0
0.2463768115942029
0.043478260869565216
0.07246376811594203
0.2028985507246377
0.0
0.057971014492753624
0.18840579710144928
0.15942028985507245
0.0
0.15942028985507245
0.0
0.0
0.0
0.10144927536231885
0.0
0.11594202898550725
0.0
0.0
0.17391304347826086
0.10144927536231885
0.11594202898550725
0.028985507246376812
0.15942028985507245
0.0
0.0
0.0
0.21739130434782608
0.0
0.0
0.0
0.0
0.057971014492753624
0.0
0.11594202898550725
0.17391304347826086
0.0
0.15714285714285714
0.05714285714285714
0.0
0.0
0.0
0.12857142857142856
0.1
0.0
0.1
0.04285714285714286
0.12857142857142856
0.08571428571428572
0.0
0.0
0.18571428571428572
0.0
0.0
0.12857142857142856
0.18571428571428572
0.0
0.0
0.014285714285714285
0.0
0.0
0.0
0.04285714285714286
0.04285714285714286
0.0
0.05714285714285714
0.05714285714285714
0.18571428571428572
0.15714285714285714
0.0
0.0
0.07142857142857142
0.0
0.14285714285714285
0.0
0.0
0.0
0.1
0.2
0.08571428571428572
0.07142857142857142
0.0
0.04285714285714286
0.0
0.14285714285714285
0.0
0.0
0.22857142857142856
0.0
0.22857142857142856
0.0
0.14285714285714285
0.0
0.0
0.0
0.17142857142857143
0.23943661971830985
0.16901408450704225
0.0
0.0
0.0
0.16901408450704225
0.14084507042253522
0.0
0.0
0.056338028169014086
0.056338028169014086
0.0
0.08450704225352113
0.23943661971830985
0.0
0.1267605633802817
0.14084507042253522
0.11267605633802817
0.0
0.0
0.08450704225352113
0.08450704225352113
0.028169014084507043
0.0
0.0
0.0
0.0
0.0
0.0
0.08450704225352113
0.18309859154929578
0.19718309859154928
0.2112676056338028
0.07042253521126761
0.0
0.11267605633802817
0.0
0.0
0.0
0.0
0.2535211267605634
0.3380281690140845
0.0
0.0
0.11267605633802817
0.11267605633802817
0.056338028169014086
0.1267605633802817
0.0
0.0
0.0
0.2112676056338028
0.0
0.0
0.09859154929577464
0.0
0.0
0.14084507042253522
0.0
0.18309859154929578
0.0
0.0
0.06944444444444445
0.1111111111111111
0.125
0.0
0.0
0.06944444444444445
0.2361111111111111
0.0
0.0
0.0
0.1111111111111111
0.0
0.041666666666666664
0.0
0.0
0.06944444444444445
0.2916666666666667
0.19444444444444445
0.1111111111111111
0.0
0.0
0.18055555555555555
0.0
0.2361111111111111
0.0
0.08333333333333333
0.125
0.0
0.0
0.0
0.0
0.09722222222222222
0.125
0.0
0.0
0.1527777777777778
0.0
0.1111111111111111
0.25
0.3333333333333333
0.0
0.041666666666666664
0.0
0.1111111111111111
0.0
0.125
0.0
0.2222222222222222
0.19444444444444445
0.25
0.0
0.0
0.0
0.0
0.08333333333333333
0.1388888888888889
0.1111111111111111
0.0
0.136986301369863
0.136986301369863
0.0
0.0
0.1232876712328767
0.0
0.0
0.0958904109589041
0.2328767123287671
0.0
0.0547945205479452
0.136986301369863
0.0821917808219178
0.0
0.0
0.0
0.1232876712328767
0.0
0.2876712328767123
0.0
0.0
0.0958904109589041
0.0547945205479452
0.0
0.2191780821917808
0.0
0.0
0.0410958904109589
0.0
0.0547945205479452
0.0
0.0
0.1232876712328767
0.0958904109589041
0.0
0.0273972602739726
0.0958904109589041
0.1780821917808219
0.1780821917808219
0.0
0.0
0.0
0.0
0.0
0.0
0.1095890410958904
0.0958904109589041
0.136986301369863
0.0684931506849315
0.1643835616438356
0.0
0.0
0.0
0.0958904109589041
0.0
0.0
0.0
0.1506849315068493
0.1095890410958904
0.0958904109589041
0.0
0.0
0.0
0.0945945945945946
0.0
0.0
0.05405405405405406
0.0
0.10810810810810811
0.12162162162162163
0.17567567567567569
0.16216216216216217
0.0
0.1891891891891892
0.0945945945945946
0.0
0.0
0.12162162162162163
0.12162162162162163
0.20270270270270271
0.12162162162162163
0.0
0.05405405405405406
0.0
0.0
0.0
0.0
0.08108108108108109
0.0
0.0945945945945946
0.08108108108108109
0.21621621621621623
0.21621621621621623
0.0
0.0
0.0
0.0
0.0
0.10810810810810811
0.12162162162162163
0.12162162162162163
0.16216216216216217
0.0
0.10810810810810811
0.0
0.12162162162162163
0.0
0.16216216216216217
0.06756756756756757
0.0
0.0
0.0
0.0945945945945946
0.0
0.0
0.0
0.0
0.14864864864864866
0.12162162162162163
0.20270270270270271
0.14666666666666667
0.18666666666666668
0.09333333333333334
0.09333333333333334
0.0
0.0
0.0
0.0
0.0
0.06666666666666667
0.06666666666666667
0.16
0.09333333333333334
0.18666666666666668
0.0
0.13333333333333333
0.0
0.0
0.0
0.0
0.0
0.10666666666666667
0.0
0.14666666666666667
0.0
0.0
0.06666666666666667
0.05333333333333334
0.13333333333333333
0.0
0.09333333333333334
0.21333333333333335
0.0
0.02666666666666667
0.0
0.0
0.0
0.0
0.12
0.18666666666666668
0.0
0.0
0.0
0.05333333333333334
0.0
0.12
0.09333333333333334
0.16
0.0
0.22666666666666666
0.0
0.0
0.14666666666666667
0.22666666666666666
0.0
0.0
0.09333333333333334
0.16
0.05333333333333334
0.0
0.23684210526315788
0.18421052631578946
0.0
0.0
0.14473684210526316
0.17105263157894737
0.0
0.0
0.11842105263157894
0.0
0.07894736842105263
0.13157894736842105
0.0
0.19736842105263158
0.0
0.13157894736842105
0.0
0.0
0.13157894736842105
0.19736842105263158
0.13157894736842105
0.0
0.06578947368421052
0.0
0.0
0.0
0.0
0.05263157894736842
0.13157894736842105
0.0
0.09210526315789473
0.0
0.17105263157894737
0.039473684210526314
0.13157894736842105
0.0
0.0
0.0
0.0
0.0
0.10526315789473684
0.0
0.19736842105263158
0.09210526315789473
0.11842105263157894
0.11842105263157894
0.0
0.0
0.0
0.23684210526315788
0.11842105263157894
0.25
0.0
0.0
0.0
0.11842105263157894
0.0
0.19736842105263158
0.0
0.10526315789473684
0.15584415584415584
0.19480519480519481
0.11688311688311688
0.0
0.14285714285714285
0.0
0.0
0.0
0.11688311688311688
0.0
0.0
0.0
0.1038961038961039
0.23376623376623376
0.07792207792207792
0.0
0.2077922077922078
0.09090909090909091
0.12987012987012986
0.0
0.0
0.1038961038961039
0.07792207792207792
0.15584415584415584
0.22077922077922077
0.0
0.0
0.0
0.0
0.0
0.09090909090909091
0.09090909090909091
0.12987012987012986
0.0
0.0
0.0
0.0
0.06493506493506493
0.12987012987012986
0.0
0.0
0.16883116883116883
0.11688311688311688
0.0
0.0
0.11688311688311688
0.07792207792207792
0.2857142857142857
0.15584415584415584
0.16883116883116883
0.0
0.0
0.0
0.23376623376623376
0.0
0.0
0.0
0.0
0.09090909090909091
0.2077922077922078
0.15384615384615385
0.0
0.11538461538461539
0.0
0.16666666666666666
0.14102564102564102
0.0
0.1282051282051282
0.24358974358974358
0.0
0.0
0.14102564102564102
0.0
0.23076923076923078
0.0
0.1794871794871795
0.20512820512820512
0.0
0.2948717948717949
0.0
0.19230769230769232
0.11538461538461539
0.11538461538461539
0.0
0.0
0.0
0.0
0.0
0.19230769230769232
0.0
0.08974358974358974
0.0
0.1282051282051282
0.0
0.0
0.07692307692307693
0.10256410256410256
0.1794871794871795
0.0
0.0
0.0
0.16666666666666666
0.15384615384615385
0.10256410256410256
0.1282051282051282
0.0
0.0
0.0
0.15384615384615385
0.0
0.0
0.20512820512820512
0.0
0.15384615384615385
0.0
0.1282051282051282
0.02564102564102564
0.0
0.0
0.20512820512820512
0.24050632911392406
0.0
0.10126582278481013
0.0
0.0
0.0
0.06329113924050633
0.0759493670886076
0.13924050632911392
0.0
0.0
0.0
0.11392405063291139
0.20253164556962025
0.08860759493670886
0.0
0.0
0.0
0.13924050632911392
0.20253164556962025
0.0
0.0
0.06329113924050633
0.17721518987341772
0.10126582278481013
0.06329113924050633
0.0
0.0
0.0
0.06329113924050633
0.0379746835443038
0.10126582278481013
0.0
0.0
0.0
0.0
0.0
0.1518987341772152
0.0
0.12658227848101267
0.25316455696202533
0.3291139240506329
0.0
0.05063291139240506
0.0
0.0
0.13924050632911392
0.2911392405063291
0.0
0.0
0.12658227848101267
0.20253164556962025
0.10126582278481013
0.0
0.0
0.0
0.0
0.20253164556962025
0.06329113924050633
0.11392405063291139
0.175
0.0
0.0
0.0
0.1625
0.15
0.0
0.075
0.25
0.0
0.0
0.0
0.1
0.25
0.0
0.0
0.1375
0.075
0.1375
0.0
0.0
0.0
0.0375
0.1
0.0
0.0
0.075
0.0875
0.2
0.0
0.0
0.0
0.2125
0.0
0.15
0.0
0.1125
0.075
0.0
0.0
0.1125
0.1875
0.0
0.0
0.0625
0.1375
0.0
0.1625
0.1375
0.225
0.0
0.0
0.0
0.1625
0.0375
0.1375
0.0
0.2
0.0
0.0
0.0
0.0
0.0
0.1111111111111111
0.1728395061728395
0.07407407407407407
0.13580246913580246
0.13580246913580246
0.0
0.06172839506172839
0.0
0.0
0.1111111111111111
0.24691358024691357
0.0
0.14814814814814814
0.2222222222222222
0.09876543209876543
0.0
0.0
0.08641975308641975
0.0
0.0
0.0
0.1111111111111111
0.2222222222222222
0.0
0.0
0.13580246913580246
0.0
0.0
0.14814814814814814
0.0
0.07407407407407407
0.0
0.0
0.1111111111111111
0.0
0.13580246913580246
0.18518518518518517
0.1111111111111111
0.09876543209876543
0.0
0.0
0.07407407407407407
0.13580246913580246
0.0
0.0
0.0
0.1728395061728395
0.0
0.0
0.0
0.0
0.09876543209876543
0.0
0.06172839506172839
0.1728395061728395
0.12345679012345678
0.2222222222222222
0.0
0.18292682926829268
0.13414634146341464
0.0
0.17073170731707318
0.0
0.0
0.0
0.25609756097560976
0.0975609756097561
0.0
0.0
0.04878048780487805
0.18292682926829268
0.0975609756097561
0.0
0.0
0.0
0.2926829268292683
0.13414634146341464
0.0
0.0
0.12195121951219512
0.0
0.0
0.21951219512195122
0.024390243902439025
0.0
0.2073170731707317
0.0975609756097561
0.17073170731707318
0.14634146341463414
0.14634146341463414
0.0
0.0
0.07317073170731707
0.13414634146341464
0.0
0.17073170731707318
0.0
0.0
0.0975609756097561
0.0
0.10975609756097561
0.0
0.12195121951219512
0.0
0.15853658536585366
0.0
0.0
0.18292682926829268
0.0
0.0
0.0975609756097561
0.07317073170731707
0.0
0.0
0.13414634146341464
0.0
0.12195121951219512
0.0
0.13253012048192772
0.060240963855421686
0.0
0.0
0.08433734939759036
0.0
0.0963855421686747
0.0
0.0963855421686747
0.07228915662650602
0.1686746987951807
0.0
0.0
0.0
0.1566265060240964
0.14457831325301204
0.0
0.1566265060240964
0.13253012048192772
0.0
0.0
0.0
0.1566265060240964
0.0
0.07228915662650602
0.060240963855421686
0.08433734939759036
0.0
0.0
0.0963855421686747
0.10843373493975904
0.1686746987951807
0.04819277108433735
0.0
0.0
0.0
0.18072289156626506
0.0
0.0
0.0
0.0
0.1566265060240964
0.10843373493975904
0.13253012048192772
0.0
0.08433734939759036
0.0
0.1686746987951807
0.2289156626506024
0.0
0.0
0.0
0.2289156626506024
0.0
0.0
0.03614457831325301
0.21686746987951808
0.0
0.12048192771084337
0.2261904761904762
0.0
0.07142857142857142
0.0
0.0
0.0
0.11904761904761904
0.09523809523809523
0.14285714285714285
0.10714285714285714
0.0
0.0
0.11904761904761904
0.2619047619047619
0.0
0.15476190476190477
0.2261904761904762
0.10714285714285714
0.0
0.0
0.09523809523809523
0.0
0.07142857142857142
0.0
0.0
0.0
0.0
0.05952380952380952
0.0
0.03571428571428571
0.17857142857142858
0.0
0.0
0.0
0.13095238095238096
0.08333333333333333
0.0
0.0
0.10714285714285714
0.0
0.25
0.0
0.11904761904761904
0.11904761904761904
0.0
0.0
0.05952380952380952
0.16666666666666666
0.0
0.2261904761904762
0.0
0.0
0.0
0.10714285714285714
0.07142857142857142
0.09523809523809523
0.0
0.14285714285714285
0.0
0.13095238095238096
0.0
0.0
0.07058823529411765
0.11764705882352941
0.17647058823529413
0.0
0.0
0.10588235294117647
0.25882352941176473
0.11764705882352941
0.0
0.0
0.0
0.18823529411764706
0.0
0.0
0.11764705882352941
0.11764705882352941
0.29411764705882354
0.15294117647058825
0.0
0.0
0.0
0.0
0.21176470588235294
0.23529411764705882
0.0
0.0
0.1411764705882353
0.03529411764705882
0.0
0.0
0.21176470588235294
0.0
0.0
0.0
0.1411764705882353
0.15294117647058825
0.17647058823529413
0.0
0.11764705882352941
0.11764705882352941
0.16470588235294117
0.0
0.08235294117647059
0.1411764705882353
0.09411764705882353
0.16470588235294117
0.0
0.0
0.0
0.21176470588235294
0.0
0.0
0.0
0.1411764705882353
0.0
0.0
0.09411764705882353
0.1411764705882353
0.23255813953488372
0.0
0.0
0.11627906976744186
0.1744186046511628
0.09302325581395349
0.0
0.09302325581395349
0.0
0.0
0.0
0.0
0.11627906976744186
0.0
0.011627906976744186
0.16279069767441862
0.0
0.06976744186046512
0.0
0.18604651162790697
0.18604651162790697
0.0
0.046511627906976744
0.0
0.11627906976744186
0.20930232558139536
0.03488372093023256
0.0
0.0
0.0
0.09302325581395349
0.0
0.20930232558139536
0.10465116279069768
0.0
0.03488372093023256
0.12790697674418605
0.0
0.11627906976744186
0.0
0.0
0.313953488372093
0.0
0.0
0.0
0.13953488372093023
0.09302325581395349
0.0
0.0
0.23255813953488372
0.18604651162790697
0.13953488372093023
0.0
0.0
0.0
0.12790697674418605
0.09302325581395349
0.1744186046511628
0.0
0.0
0.0
0.0
0.12643678160919541
0.1724137931034483
0.1724137931034483
0.0
0.13793103448275862
0.09195402298850575
0.0
0.0
0.0
0.1724137931034483
0.10344827586206896
0.0
0.0
0.1724137931034483
0.14942528735632185
0.08045977011494253
0.0
0.0
0.0
0.09195402298850575
0.06896551724137931
0.0
0.21839080459770116
0.0
0.08045977011494253
0.0
0.0
0.06896551724137931
0.04597701149425287
0.0
0.0
0.034482758620689655
0.0
0.034482758620689655
0.0
0.1839080459770115
0.1839080459770115
0.0
0.12643678160919541
0.0
0.0
0.0
0.0
0.0
0.13793103448275862
0.16091954022988506
0.0
0.22988505747126436
0.12643678160919541
0.0
0.0
0.11494252873563218
0.0
0.12643678160919541
0.09195402298850575
0.0
0.06896551724137931
0.16091954022988506
0.17045454545454544
0.19318181818181818
0.10227272727272728
0.13636363636363635
0.0
0.0
0.13636363636363635
0.0
0.0
0.0
0.0
0.17045454545454544
0.10227272727272728
0.19318181818181818
0.0
0.17045454545454544
0.0
0.0
0.29545454545454547
0.19318181818181818
0.10227272727272728
0.0
0.0
0.10227272727272728
0.0
0.0
0.0
0.0
0.20454545454545456
0.10227272727272728
0.0
0.1590909090909091
0.0
0.056818181818181816
0.0
0.0
0.0
0.1590909090909091
0.13636363636363635
0.125
0.0
0.18181818181818182
0.0
0.056818181818181816
0.0
0.125
0.10227272727272728
0.1590909090909091
0.17045454545454544
0.0
0.0
0.0
0.0
0.22727272727272727
0.07954545454545454
0.10227272727272728
0.0
0.0
0.0
0.1590909090909091
0.0
0.0
0.0
0.0
0.19101123595505617
0.15730337078651685
0.14606741573033707
0.1348314606741573
0.25842696629213485
0.06741573033707865
0.0
0.0
0.12359550561797752
0.19101123595505617
0.0
0.16853932584269662
0.12359550561797752
0.12359550561797752
0.0
0.0
0.0
0.0
0.0
0.0
0.0
0.23595505617977527
0.033707865168539325
0.0
0.14606741573033707
0.056179775280898875
0.0
0.20224719101123595
0.0
0.056179775280898875
0.0
0.10112359550561797
0.1348314606741573
0.0
0.19101123595505617
0.0
0.24719101123595505
0.1797752808988764
0.0
0.1348314606741573
0.1348314606741573
0.0
0.0
0.0
0.0
0.0
0.19101123595505617
0.14606741573033707
0.10112359550561797
0.15730337078651685
0.07865168539325842
0.0
0.0
0.0
0.0
0.10112359550561797
0.17777777777777778
0.0
0.0
0.17777777777777778
0.18888888888888888
0.0
0.12222222222222222
0.0
0.14444444444444443
0.12222222222222222
0.0
0.13333333333333333
0.08888888888888889
0.25555555555555554
0.0
0.17777777777777778
0.0
0.0
0.0
0.0
0.0
0.1
0.07777777777777778
0.0
0.0
0.2111111111111111
0.0
0.08888888888888889
0.14444444444444443
0.0
0.1
0.16666666666666666
0.0
0.07777777777777778
0.0
0.1
0.0
0.18888888888888888
0.0
0.0
0.13333333333333333
0.18888888888888888
0.0
0.1
0.0
0.0
0.0
0.0
0.0
0.16666666666666666
0.13333333333333333
0.0
0.0
0.15555555555555556
0.07777777777777778
0.0
0.044444444444444446
0.0
0.1
0.1
0.17582417582417584
0.0
0.07692307692307693
0.14285714285714285
0.0
0.0
0.06593406593406594
0.14285714285714285
0.0
0.0
0.0
0.18681318681318682
0.13186813186813187
0.0
0.07692307692307693
0.17582417582417584
0.0
0.10989010989010989
0.0
0.15384615384615385
0.0
0.0
0.07692307692307693
0.0
0.0
0.0
0.06593406593406594
0.08791208791208792
0.2087912087912088
0.0
0.0
0.0
0.21978021978021978
0.0
0.13186813186813187
0.0
0.14285714285714285
0.0
0.12087912087912088
0.0
0.25274725274725274
0.0
0.17582417582417584
0.0989010989010989
0.07692307692307693
0.0
0.06593406593406594
0.0
0.0
0.16483516483516483
0.1978021978021978
0.0
0.0
0.16483516483516483
0.0
0.0
0.06593406593406594
0.14285714285714285
0.0989010989010989
0.0
0.22826086956521738
0.0
0.06521739130434782
0.09782608695652174
0.16304347826086957
0.0
0.0
0.03260869565217391
0.0
0.043478260869565216
0.05434782608695652
0.18478260869565216
0.0
0.0
0.0
0.0
0.0
0.08695652173913043
0.0
0.0
0.10869565217391304
0.09782608695652174
0.0
0.0
0.11956521739130435
0.2391304347826087
0.043478260869565216
0.06521739130434782
0.0
0.0
0.09782608695652174
0.0
0.21739130434782608
0.0
0.14130434782608695
0.0
0.10869565217391304
0.0
0.0
0.0
0.0
0.11956521739130435
0.17391304347826086
0.0
0.05434782608695652
0.13043478260869565
0.08695652173913043
0.17391304347826086
0.0
0.0
0.14130434782608695
0.0
0.17391304347826086
0.22826086956521738
0.07608695652173914
0.0
0.0
0.20652173913043478
0.0
0.0
0.21505376344086022
0.0
0.12903225806451613
0.0
0.16129032258064516
0.0967741935483871
0.0
0.0
0.15053763440860216
0.0
0.07526881720430108
0.1935483870967742
0.13978494623655913
0.0
0.0
0.0
0.0
0.11827956989247312
0.2903225806451613
0.16129032258064516
0.0
0.10752688172043011
0.0
0.0
0.0
0.21505376344086022
0.0
0.043010752688172046
0.0
0.0967741935483871
0.0967741935483871
0.0
0.13978494623655913
0.08602150537634409
0.0
0.0
0.13978494623655913
0.0
0.0
0.0967741935483871
0.0
0.3010752688172043
0.11827956989247312
0.11827956989247312
0.08602150537634409
0.13978494623655913
0.07526881720430108
0.0
0.0
0.0
0.0967741935483871
0.0
0.0
0.1827956989247312
0.0
0.0
0.0
0.15053763440860216
0.0
0.20430107526881722
0.0
0.0
0.10638297872340426
0.0
0.20212765957446807
0.13829787234042554
0.0
0.0
0.2553191489361702
0.05319148936170213
0.0
0.13829787234042554
0.11702127659574468
0.0
0.0425531914893617
0.0
0.0
0.0
0.11702127659574468
0.1595744680851064
0.11702127659574468
0.10638297872340426
0.0
0.0
0.1276595744680851
0.24468085106382978
0.0
0.07446808510638298
0.0
0.0
0.0425531914893617
0.0
0.0
0.0
0.14893617021276595
0.0851063829787234
0.0
0.07446808510638298
0.0
0.0
0.0
0.0
0.11702127659574468
0.0
0.06382978723404255
0.0
0.10638297872340426
0.1702127659574468
0.0
0.22340425531914893
0.14893617021276595
0.0
0.0
0.0
0.0
0.13829787234042554
0.10638297872340426
0.1702127659574468
0.07446808510638298
0.20212765957446807
0.18947368421052632
0.0
0.10526315789473684
0.14736842105263157
0.0
0.10526315789473684
0.15789473684210525
0.0
0.0
0.0
0.06315789473684211
0.0
0.11578947368421053
0.0
0.042105263157894736
0.17894736842105263
0.0
0.0
0.29473684210526313
0.16842105263157894
0.11578947368421053
0.0
0.05263157894736842
0.10526315789473684
0.0
0.24210526315789474
0.0
0.0
0.0
0.0
0.0
0.0
0.15789473684210525
0.06315789473684211
0.0
0.0
0.0
0.18947368421052632
0.0
0.16842105263157894
0.0
0.30526315789473685
0.0
0.06315789473684211
0.06315789473684211
0.0
0.10526315789473684
0.0
0.12631578947368421
0.22105263157894736
0.14736842105263157
0.2
0.17894736842105263
0.11578947368421053
0.0
0.0
0.0
0.16842105263157894
0.0
0.0
0.21875
0.1875
0.0
0.0
0.0
0.15625
0.15625
0.14583333333333334
0.0
0.07291666666666667
0.0
0.0
0.09375
0.0
0.0
0.17708333333333334
0.125
0.09375
0.0
0.1875
0.0
0.10416666666666667
0.0
0.0
0.20833333333333334
0.25
0.0
0.0625
0.0
0.0
0.0
0.0
0.0
0.0
0.0
0.0
0.14583333333333334
0.15625
0.1875
0.10416666666666667
0.11458333333333333
0.0
0.15625
0.13541666666666666
0.09375
0.0
0.0
0.0
0.0
0.21875
0.10416666666666667
0.0
0.0
0.1875
0.08333333333333333
0.10416666666666667
0.0
0.15625
0.0
0.21875
0.0
0.0
0.12371134020618557
0.0
0.16494845360824742
0.14432989690721648
0.0
0.0
0.25773195876288657
0.061855670103092786
0.061855670103092786
0.0
0.12371134020618557
0.0
0.061855670103092786
0.0
0.0
0.020618556701030927
0.14432989690721648
0.0
0.0
0.0
0.0
0.14432989690721648
0.20618556701030927
0.0
0.08247422680412371
0.08247422680412371
0.15463917525773196
0.0
0.0
0.0
0.2268041237113402
0.07216494845360824
0.0
0.0
0.1134020618556701
0.08247422680412371
0.12371134020618557
0.0
0.0
0.0
0.0
0.07216494845360824
0.0
0.13402061855670103
0.09278350515463918
0.24742268041237114
0.16494845360824742
0.23711340206185566
0.0
0.20618556701030927
0.0
0.12371134020618557
0.0
0.10309278350515463
0.0
0.15463917525773196
0.0
0.0
0.19387755102040816
0.0
0.0
0.10204081632653061
0.0
0.0
0.07142857142857142
0.0
0.12244897959183673
0.0
0.08163265306122448
0.0
0.10204081632653061
0.24489795918367346
0.08163265306122448
0.16326530612244897
0.14285714285714285
0.12244897959183673
0.0
0.0
0.0
0.11224489795918367
0.11224489795918367
0.0
0.0
0.0
0.0
0.0
0.20408163265306123
0.10204081632653061
0.0
0.10204081632653061
0.0
0.05102040816326531
0.0
0.0
0.0
0.08163265306122448
0.0
0.11224489795918367
0.12244897959183673
0.19387755102040816
0.16326530612244897
0.14285714285714285
0.0
0.0
0.04081632653061224
0.24489795918367346
0.1326530612244898
0.0
0.0
0.20408163265306123
0.0
0.12244897959183673
0.09183673469387756
0.0
0.0
0.0
0.0
0.11224489795918367
0.2222222222222222
0.0
0.0
0.0
0.0
0.15151515151515152
0.0707070707070707
0.0
0.12121212121212122
0.12121212121212122
0.0707070707070707
0.0
0.1414141414141414
0.0
0.0
0.0
0.20202020202020202
0.10101010101010101
0.15151515151515152
0.1717171717171717
0.1717171717171717
0.0
0.1111111111111111
0.15151515151515152
0.0
0.0
0.0707070707070707
0.0
0.0
0.0
0.0
0.0
0.0
0.0
0.12121212121212122
0.1111111111111111
0.15151515151515152
0.0
0.1919191919191919
0.0
0.12121212121212122
0.0
0.16161616161616163
0.1414141414141414
0.13131313131313133
0.0
0.09090909090909091
0.1717171717171717
0.0707070707070707
0.0
0.0
0.1414141414141414
0.0
0.2222222222222222
0.0
0.13131313131313133
0.0
0.0
0.0
0.16161616161616163
0.0
0.0
0.13
0.0
0.17
0.15
0.0
0.01
0.26
0.08
0.0
0.11
0.0
0.0
0.0
0.17
0.13
0.0
0.12
0.19
0.0
0.0
0.09
0.0
0.22
0.0
0.07
0.0
0.21
0.0
0.16
0.19
0.0
0.0
0.13
0.07
0.0
0.0
0.13
0.0
0.24
0.2
0.0
0.0
0.0
0.0
0.09
0.26
0.0
0.17
0.0
0.14
0.18
0.0
0.0
0.0
0.04
0.0
0.08
0.12
