0.49261946519884947
0.5171022262443372
0.5210462083326576
0.46393925176740825
0.5543770285559863
0.510275582308172
0.5094706049725735
0.5128086252425113
0.5031860536868006
0.5177239664218334
0.48909397057344917
0.5395423142797253
0.47372631174531227
0.5155498112602743
0.5255310649034493
0.5047783085847263
0.5441613691992921
0.530824964004108
0.49052497432924963
0.5062557697555
0.4602251224607752
0.46879236208133196
0.47223922792291023
0.839235139647204
0.5295276040505676
0.49165006146534523
0.5541716892771662
0.4631045487937001
0.51993653480751
0.5523285614526166
0.4581166336838672
0.4461728921403087
0.5146060906748455
0.5318595839752769
0.5136755157899217
0.460117346610508
0.5279756526569486
0.46086986235235333
0.46529230137477007
0.5431389160273925
0.49484664997191613
0.5739756960931612
0.5151912173840326
0.5088638615109827
0.4534043336970789
0.46228728577090544
0.4666719875975608
0.5109129663858452
0.4582236703058205
0.5056564820036449
0.5497986655106049
0.46822694412683824
0.5122748867105473
0.6033286042054842
0.46330878633915606
0.456366916286101
0.523608325876339
0.49778188567403003
0.5449617594542222
0.5095640781926126
0.4463342406660237
0.5383436536502136
0.5356727781460591
0.5777044320483566
0.5075495036420602
0.4604759317661322
0.502195775286272
0.5474468227248449
0.4855528938355685
0.49932261618298923
0.5612308328157144
0.446776536004745
0.4988561725151017
0.527721242117219
0.4689732727865401
0.5005478604232939
0.4705486770723695
0.5100814557388145
0.5079545368305235
0.43227744673500856
0.5129897623694567
0.5178258082864097
0.4982767416549809
0.466994058362643
0.5028930198984857
0.5437905399240127
0.5037774915833519
0.44213266334971946
0.49094495158611
0.47490882951550945
0.5259624383581196
0.5036734301260278
0.5366669239219442
0.5178149581803156
0.48503343253283354
0.4928435567049098
0.45973442155521405
0.4438554930088341
0.5098718459001853
0.5242018756544092
