0.1443913547595434
0.09554026831859545
0.11086955362483084
0.10138804559792929
0.13571143342981817
0.12325062455805226
0.10649032342432538
0.11810920863558134
0.13446941382727715
0.11880383794732054
0.10718952443040003
0.11828071467404205
0.13553849958111774
0.11338833952582865
0.11835714397153946
0.12425026469495722
0.10442734325185538
0.11932385275880339
0.12258474049553572
0.12779050866068503
0.15112083124288833
0.11764601955529971
0.116974452979928
0.13299087643077748
0.11608655160557234
0.11276773042672072
0.10717702190355198
0.12166608475314768
0.10796068418186412
0.12805566786803
0.1205562821847845
0.10026640504841873
0.09302507316452456
0.12674704713285034
0.1106152561190285
0.10562120138813877
0.1144746671514984
0.11440364399994747
0.11646717829760891
0.12614829928249713
0.12010824131981133
0.1277265960625822
0.10928048807502838
0.1080751625462533
0.12576201736584533
0.11340770874619004
0.11846450782384609
0.1252015725195114
0.15805668839406029
0.1181145992145319
0.10484491130192523
0.1088280022729028
0.11419871818602467
0.11131745434275915
0.1288927484746182
0.11508971178960267
0.1132268263067707
0.12561079465221264
0.10171500465974984
0.11998042167371714
0.1065969003607756
0.1388911558660497
0.1162446383471827
0.12011303376354404
0.1015688316082382
0.15226797534557932
0.11893462467034285
0.12180021784372211
0.12335162149074187
0.12648058507225374
0.11581634982556806
0.13176068682759723
0.13052044835394516
0.12126029083245808
0.11162030768912241
0.12465326649773996
0.11352632458800319
0.1350270336984469
0.11713361483918854
0.11650998714849614
0.11851380022175109
0.12202438314829459
0.11201886810918397
0.11392321347830955
0.11396670789073433
0.11265211561307083
0.11996411124035732
0.1219353376746547
0.112286619904079
0.1276973948213761
0.12160051226646625
0.12817187495540905
0.13163942903935932
0.12725146869232848
0.10489954994864521
0.11835132888228286
0.12711947436470464
0.11447424099056536
0.11315326024918089
0.11119813911868112
