0.20838907674824575
0.20826605293349754
0.1991353464065911
0.2205703584507128
0.21902530625712258
0.19315647188508656
0.2197254993170111
0.23945219205293866
0.23214551959172428
0.22007134155047983
0.2300027860063677
0.19482127382776682
0.2138681331739989
0.23608379563148743
0.21532508329517086
0.2029537883633144
0.22316850382228492
0.2741826599259563
0.26007280721163645
0.20128195034860874
0.2642774408793008
0.23701252356679314
0.2585381323413949
0.23043170683795053
0.2420857782789523
0.24397290552944512
0.2025047950440136
0.23585396193851813
0.21232247251999853
0.23438309736482293
0.24072362421971713
0.2104271604858592
0.21288160334007705
0.22124312828204867
0.20837366283714523
0.21650760177571324
0.21870744024128774
0.20691781414357668
0.20326158780568074
0.22968825239261745
0.2314684816348846
0.22514345080709036
0.24126557586819153
0.2540517855878787
0.21646999184523613
0.23182184611634002
0.22105072605343287
0.23978653392346796
0.2246040543311847
0.21727059383333613
0.2164754253256172
0.23066914813366424
0.22457512274261165
0.23351518573933067
0.20099107062977178
0.19765099909231262
0.2701864056151544
0.2423700590722981
0.24690716991256167
0.2360496293822715
0.24247986697530097
0.260027714997212
0.20751526874848664
0.256592398675287
0.24157876046706084
0.199936172868894
0.2075288508998192
0.24101571870794736
0.2238251497792363
0.21511462192315076
0.22313994293070333
0.21608213398656045
0.22347606122000752
0.2105876393941898
0.230599649364382
0.25069329621554975
0.21625452527295905
0.24622454913162364
0.1998036358207713
0.263176211443705
0.22565907244122516
0.2235201920951341
0.22604448511134895
0.19868051964595762
0.2991314442950658
0.2760678774128028
0.2025407259072106
0.25890107864619144
0.2268241685236338
0.24086429457063183
0.22754924847448163
0.2297255217577565
0.2290801324792117
0.2556285023984793
0.22432719040196927
0.24820007528718965
0.2527935638317832
0.22727159772271233
0.21758882758069234
0.21447887373273067
