0.0843677989865332
0.09033271121258275
0.07728468016102219
0.06947027080960223
0.08723972548334934
0.07395752653718721
0.09557865355683469
0.09548435143886429
0.10628805854672645
0.1278181521643532
0.11256088206309339
0.0919872345592326
0.08507583450318293
0.1196031153742976
0.08893812221890426
0.09262560817756647
0.08983738418815047
0.09320616923668038
0.09242320410052997
0.09000877479371348
0.10083129533126699
0.08277103239810694
0.08735306685660404
0.07573787393663374
0.07562658572708081
0.08558215360350824
0.1091451638488309
0.09695459563386369
0.08780744058983922
0.10164958720145235
0.06749925295670417
0.10031431024504571
0.11276787850207434
0.09705369092247308
0.11611175657924867
0.11656897262092443
0.10213952673973194
0.10453246490516235
0.07036149543936641
0.0718213343977217
0.09341463306537062
0.09299863761959458
0.08846265325475224
0.09072916875011391
0.09464726836220677
0.11171211778672926
0.08688183432668536
0.1052117314601226
0.11260648518789569
0.0892744113594311
0.08601623190949655
0.08157952651874714
0.09436233737806798
0.06982208091066298
0.10618127000068192
0.07698371861038358
0.07603589959445547
0.08494122010275824
0.08489714633623668
0.07848968545633195
0.10688728928330139
0.08025529402842117
0.11710611553046235
0.09159928650163073
0.0786052112538399
0.0777713704147937
0.07595928121314832
0.10871406060145075
0.08045801402268869
0.0839429961785287
0.07999248285565737
0.09118260943412061
0.0906508452868451
0.09361141238372546
0.08870274094282052
0.09700594320116449
0.07965099215955045
0.0827495069411632
0.11094800882064089
0.08044106585178033
0.09466262991624784
0.07767040851985907
0.09358600893114348
0.08742831731903385
0.08299300605416104
0.09521785892134281
0.1007728768570817
0.10665229301250902
0.08814422379078693
0.0885572643386734
0.09044138421508803
0.06828826289749178
0.08484914148969072
0.07783366869285077
0.07820057726360571
0.07441327806416223
0.0872122686882081
0.09767881359136099
0.10480788602386866
0.08408328842383507
