0.17508765581665714
0.15511598977225002
0.13096608187103567
0.11886301443121215
0.21369721583697904
0.13712567344701435
0.1600636084466975
0.14425106039457017
0.12001320365580899
0.15142730303231294
0.1203532696860771
0.14847609598522515
0.13952876305239537
0.14553454183649664
0.11429378185423722
0.1332768090519566
0.18659817461549982
0.16284335948725887
0.17048670345868122
0.15098394295825976
0.14939697213332342
0.14599928342516622
0.15491372972898526
0.14429249072612702
0.1287221965199305
0.1413383921894515
0.16390220042445927
0.1322930302043965
0.15438457967310798
0.1366596959129271
0.17401959036327083
0.14289803162433076
0.1361860258412033
0.12552252953688678
0.13178393608174774
0.18423858987285083
0.13731652723515503
0.12709127013043334
0.15481438349056287
0.13055583062236012
0.14338580876168044
0.12824361576801596
0.16500849818709873
0.15912169361897366
0.14544030741872335
0.13342825023005883
0.12617233905988282
0.13024629337970162
0.13012329560627803
0.19889908297649095
0.143618232459107
0.13104595834938498
0.13597734790628466
0.10368706835924334
0.1503748300373924
0.14527489832955226
0.18547144708258936
0.14431844867091614
0.19511050068111543
0.11658183633746218
0.14934987013472664
0.24133633360150086
0.1199243819121412
0.15767110030079476
0.14583982298607676
0.1362178420667453
0.1406478053785189
0.15412177025951976
0.17543568373078752
0.15169148779189817
0.14070836223513297
0.1351840812921274
0.11440701783192143
0.1320191862468185
0.16754145896209838
0.14808935495615067
0.13596644447041573
0.1499888079165384
0.12365055145987693
0.14569107335801743
0.1562490486918296
0.14250630279894544
0.2160313892720498
0.13075577481814768
0.10868496567792735
0.12297778486984691
0.12345217192302535
0.13747497815465412
0.10429180025140243
0.15916359001438898
0.14116615762457127
0.12776680095659107
0.15448356940547822
0.13002958337175757
0.1597431082639499
0.12578766889995857
0.1474325899250887
0.1908918433575743
0.11417298569926637
0.13715791991165158
