0.23399821638473162
0.21628681181597154
0.2977908416074243
0.24644517957500597
0.23753796725504117
0.23728665883037492
0.23636760681904037
0.22412272353980758
0.2427088146839461
0.2999934404472185
0.22989566878203738
0.2706731969717358
0.21919253719076598
0.24580027220797535
0.25108089458826666
0.2533623010463377
0.22538593392231598
0.28728140277883524
0.3101534101833503
0.27515347242829585
0.22528365160831076
0.2666310492684357
0.4631477796157484
0.27529706155996125
0.2559845606826662
0.18846414706219194
0.28592135799853896
0.2571447223737279
0.24453930811892916
0.2543907107455038
0.2568971655150985
0.28828486625448463
0.24999287905235185
0.3273337585073011
0.24672660650439732
0.291920910777962
0.24832829724405164
0.20703538962515386
0.2805150371943862
0.2634642694610507
0.2503122444889631
0.21549747959945975
0.298700702987368
0.28498626008500916
0.2941254290573108
0.2605000423496985
0.23923626688853958
0.26266545353911785
0.25210610407057255
0.24661284846572412
0.2783038601847673
0.2816785174799329
0.2992461627083631
0.2846747180512806
0.26651390870831626
0.2624799170691116
0.27782849537652116
0.2873310030678443
0.2646303464322833
0.2566536484749327
0.2883673690623265
0.2755336746231172
0.3058623814566954
0.24890536594108434
0.2462285171445393
0.23868248329501826
0.2579291560766386
0.29074810651268784
0.2990102566836764
0.21078828153397822
0.23438164776796008
0.4620214563710437
0.2712955036926505
0.2744252578053759
0.23100845192732736
0.2580670583323715
0.2916749201811126
0.22269847213805385
0.24495309796966963
0.27697949279364475
0.29201412652608705
0.22991509020525655
0.3077767796607923
0.28087287932585325
0.2297630430946094
0.2949393623060244
0.27465260006780157
0.31060444641551377
0.22893053418299006
0.23913798564902145
0.22533295668992662
0.2722135070690151
0.271166750231315
0.21391816370069117
0.3107417998481096
0.26036189059691867
0.2114860920507818
0.21214199829249006
0.27836293668827516
0.2137401515082138
