0
0
0
0
0
0
0
0
0
0
0
0
0
0
0
0
0
0
0
0
0
0
0
0
0
0
0
0
0
0
0
0
0
0
0
0
0
0
0
0
0
0
0
0
0
0
0
0
0
0
0
0
0
0
0
0
0
0
0
0
0.0
0.0
0.0
0.0
0.0
0.0
0.0
0.0
0.0
0.0
0.0
0.0
0.0
0.0
0.0
0.0
0.0
0.0
0.0
0.0
0.0
0.0
0.0
0.0
0.0
0.0
0.0
0.0
0.0
0.0
0.0
0.0
0.0
0.0
0.0
0.0
0.0
0.0
0.0
0.0
0.0
0.0
0.0
0.0
0.0
0.0
0.0
0.0
0.0
0.0
0.0
0.0
0.0
0.0
0.0
0.0
0.0
0.0
0.0
0.0
0.0
0.0
0.0
0.0
0.0
0.0
0.0
0.0
0.0
0.0
0.0
0.0
0.0
0.0
0.0
0.0
0.0
0.0
0.0
0.0
0.0
0.0
0.0
0.0
0.0
0.0
0.0
0.0
0.0
0.0
0.0
0.0
0.0
0.0
0.0
0.0
0.0
0.0
0.0
0.0
0.0
0.0
0.0
0.0
0.0
0.0
0.0
0.0
0.0
0.0
0.0
0.0
0.0
0.0
0.0
0.0
0.0
0.0
0.0
0.0
0.25
0.25
0.25
0.25
0.25
0.25
0.25
0.0
0.0
0.25
0.0
0.25
0.25
0.25
0.25
0.25
0.0
0.25
0.25
0.0
0.0
0.25
0.0
0.0
0.25
0.0
0.25
0.25
0.25
0.25
0.25
0.0
0.25
0.25
0.0
0.0
0.25
0.0
0.0
0.25
0.0
0.25
0.0
0.25
0.25
0.25
0.25
0.25
0.25
0.25
0.25
0.25
0.0
0.0
0.25
0.0
0.25
0.25
0.0
0.25
0.4
0.4
0.4
0.4
0.4
0.4
0.4
0.2
0.0
0.4
0.2
0.4
0.4
0.4
0.4
0.4
0.4
0.4
0.4
0.4
0.0
0.4
0.2
0.0
0.4
0.0
0.4
0.4
0.4
0.4
0.4
0.4
0.4
0.4
0.4
0.4
0.4
0.2
0.0
0.4
0.2
0.4
0.0
0.4
0.4
0.4
0.4
0.4
0.4
0.4
0.4
0.4
0.2
0.0
0.2
0.0
0.4
0.4
0.0
0.4
0.5
0.5
0.5
0.5
0.5
0.5
0.5
0.16666666666666666
0.0
0.5
0.3333333333333333
0.5
0.5
0.5
0.5
0.5
0.3333333333333333
0.5
0.5
0.3333333333333333
0.0
0.5
0.16666666666666666
0.0
0.5
0.16666666666666666
0.5
0.5
0.5
0.5
0.5
0.3333333333333333
0.5
0.5
0.3333333333333333
0.3333333333333333
0.5
0.16666666666666666
0.0
0.5
0.3333333333333333
0.5
0.0
0.5
0.5
0.5
0.5
0.5
0.5
0.5
0.5
0.5
0.0
0.0
0.16666666666666666
0.16666666666666666
0.5
0.5
0.0
0.5
0.5714285714285714
0.5714285714285714
0.5714285714285714
0.5714285714285714
0.5714285714285714
0.5714285714285714
0.5714285714285714
0.2857142857142857
0.0
0.5714285714285714
0.42857142857142855
0.5714285714285714
0.5714285714285714
0.5714285714285714
0.5714285714285714
0.5714285714285714
0.42857142857142855
0.5714285714285714
0.5714285714285714
0.42857142857142855
0.0
0.5714285714285714
0.2857142857142857
0.14285714285714285
0.5714285714285714
0.2857142857142857
0.5714285714285714
0.5714285714285714
0.5714285714285714
0.5714285714285714
0.5714285714285714
0.42857142857142855
0.5714285714285714
0.5714285714285714
0.42857142857142855
0.42857142857142855
0.5714285714285714
0.2857142857142857
0.14285714285714285
0.5714285714285714
0.42857142857142855
0.5714285714285714
0.0
0.5714285714285714
0.5714285714285714
0.5714285714285714
0.5714285714285714
0.5714285714285714
0.5714285714285714
0.5714285714285714
0.5714285714285714
0.5714285714285714
0.2857142857142857
0.14285714285714285
0.42857142857142855
0.2857142857142857
0.5714285714285714
0.5714285714285714
0.0
0.5714285714285714
0.625
0.625
0.625
0.625
0.625
0.625
0.625
0.375
0.0
0.625
0.5
0.625
0.625
0.625
0.625
0.625
0.5
0.625
0.625
0.5
0.0
0.625
0.375
0.25
0.625
0.375
0.625
0.625
0.625
0.625
0.625
0.5
0.625
0.625
0.5
0.5
0.625
0.375
0.25
0.625
0.5
0.625
0.0
0.625
0.625
0.625
0.625
0.625
0.625
0.625
0.625
0.625
0.25
0.25
0.375
0.25
0.625
0.625
0.0
0.625
0.6666666666666666
0.6666666666666666
0.6666666666666666
0.6666666666666666
0.6666666666666666
0.6666666666666666
0.6666666666666666
0.0
0.2222222222222222
0.6666666666666666
0.5555555555555556
0.6666666666666666
0.6666666666666666
0.6666666666666666
0.6666666666666666
0.6666666666666666
0.5555555555555556
0.6666666666666666
0.6666666666666666
0.5555555555555556
0.0
0.6666666666666666
0.2222222222222222
0.2222222222222222
0.6666666666666666
0.1111111111111111
0.6666666666666666
0.6666666666666666
0.6666666666666666
0.6666666666666666
0.6666666666666666
0.5555555555555556
0.6666666666666666
0.6666666666666666
0.5555555555555556
0.5555555555555556
0.6666666666666666
0.2222222222222222
0.2222222222222222
0.6666666666666666
0.5555555555555556
0.6666666666666666
0.0
0.6666666666666666
0.6666666666666666
0.6666666666666666
0.6666666666666666
0.6666666666666666
0.6666666666666666
0.6666666666666666
0.6666666666666666
0.6666666666666666
0.2222222222222222
0.2222222222222222
0.2222222222222222
0.2222222222222222
0.6666666666666666
0.6666666666666666
0.0
0.6666666666666666
0.7
0.7
0.7
0.7
0.7
0.7
0.7
0.5
0.1
0.7
0.0
0.7
0.7
0.7
0.7
0.7
0.6
0.7
0.7
0.6
0.0
0.7
0.0
0.0
0.7
0.1
0.7
0.7
0.7
0.7
0.7
0.6
0.7
0.7
0.6
0.6
0.7
0.5
0.2
0.7
0.1
0.7
0.0
0.7
0.7
0.7
0.7
0.7
0.7
0.7
0.7
0.7
0.1
0.1
0.5
0.1
0.7
0.7
0.0
0.7
0.7272727272727273
0.7272727272727273
0.7272727272727273
0.7272727272727273
0.7272727272727273
0.7272727272727273
0.7272727272727273
0.45454545454545453
0.0
0.7272727272727273
0.6363636363636364
0.7272727272727273
0.7272727272727273
0.7272727272727273
0.7272727272727273
0.7272727272727273
0.6363636363636364
0.7272727272727273
0.7272727272727273
0.6363636363636364
0.0
0.7272727272727273
0.0
0.36363636363636365
0.7272727272727273
0.18181818181818182
0.7272727272727273
0.7272727272727273
0.7272727272727273
0.7272727272727273
0.7272727272727273
0.6363636363636364
0.7272727272727273
0.7272727272727273
0.6363636363636364
0.6363636363636364
0.7272727272727273
0.45454545454545453
0.36363636363636365
0.7272727272727273
0.6363636363636364
0.7272727272727273
0.0
0.7272727272727273
0.7272727272727273
0.7272727272727273
0.7272727272727273
0.7272727272727273
0.7272727272727273
0.7272727272727273
0.7272727272727273
0.7272727272727273
0.36363636363636365
0.36363636363636365
0.45454545454545453
0.36363636363636365
0.7272727272727273
0.7272727272727273
0.0
0.7272727272727273
0.75
0.75
0.75
0.75
0.75
0.75
0.75
0.0
0.16666666666666666
0.75
0.0
0.75
0.75
0.75
0.75
0.75
0.6666666666666666
0.75
0.75
0.6666666666666666
0.0
0.75
0.25
0.25
0.75
0.16666666666666666
0.75
0.75
0.75
0.75
0.75
0.6666666666666666
0.75
0.75
0.6666666666666666
0.6666666666666666
0.75
0.25
0.3333333333333333
0.75
0.5833333333333334
0.75
0.0
0.75
0.75
0.75
0.75
0.75
0.75
0.75
0.75
0.75
0.25
0.25
0.25
0.25
0.75
0.75
0.0
0.75
0.7692307692307693
0.7692307692307693
0.7692307692307693
0.7692307692307693
0.7692307692307693
0.7692307692307693
0.7692307692307693
0.5384615384615384
0.0
0.7692307692307693
0.6153846153846154
0.7692307692307693
0.7692307692307693
0.7692307692307693
0.7692307692307693
0.7692307692307693
0.6923076923076923
0.7692307692307693
0.7692307692307693
0.6923076923076923
0.0
0.7692307692307693
0.38461538461538464
0.38461538461538464
0.7692307692307693
0.38461538461538464
0.7692307692307693
0.7692307692307693
0.7692307692307693
0.7692307692307693
0.7692307692307693
0.6923076923076923
0.7692307692307693
0.7692307692307693
0.6923076923076923
0.6923076923076923
0.7692307692307693
0.5384615384615384
0.38461538461538464
0.7692307692307693
0.6153846153846154
0.7692307692307693
0.0
0.7692307692307693
0.7692307692307693
0.7692307692307693
0.7692307692307693
0.7692307692307693
0.7692307692307693
0.7692307692307693
0.7692307692307693
0.7692307692307693
0.38461538461538464
0.38461538461538464
0.5384615384615384
0.38461538461538464
0.7692307692307693
0.7692307692307693
0.0
0.7692307692307693
0.7857142857142857
0.7857142857142857
0.7857142857142857
0.7857142857142857
0.7857142857142857
0.7857142857142857
0.7857142857142857
0.5
0.0
0.7857142857142857
0.5714285714285714
0.7857142857142857
0.7857142857142857
0.7857142857142857
0.7857142857142857
0.7857142857142857
0.7142857142857143
0.7857142857142857
0.7857142857142857
0.7142857142857143
0.0
0.7857142857142857
0.35714285714285715
0.35714285714285715
0.7857142857142857
0.35714285714285715
0.7857142857142857
0.7857142857142857
0.7857142857142857
0.7857142857142857
0.7857142857142857
0.7142857142857143
0.7857142857142857
0.7857142857142857
0.7142857142857143
0.7142857142857143
0.7857142857142857
0.5
0.35714285714285715
0.7857142857142857
0.6428571428571429
0.7857142857142857
0.0
0.7857142857142857
0.7857142857142857
0.7857142857142857
0.7857142857142857
0.7857142857142857
0.7857142857142857
0.7857142857142857
0.7857142857142857
0.7857142857142857
0.14285714285714285
0.35714285714285715
0.2857142857142857
0.2857142857142857
0.7857142857142857
0.7857142857142857
0.0
0.7857142857142857
0.8
0.8
0.8
0.8
0.8
0.8
0.8
0.5333333333333333
0.2
0.8
0.0
0.8
0.8
0.8
0.8
0.8
0.7333333333333333
0.8
0.8
0.7333333333333333
0.0
0.8
0.13333333333333333
0.06666666666666667
0.8
0.13333333333333333
0.8
0.8
0.8
0.8
0.8
0.7333333333333333
0.8
0.8
0.7333333333333333
0.7333333333333333
0.8
0.5333333333333333
0.3333333333333333
0.8
0.13333333333333333
0.8
0.0
0.8
0.8
0.8
0.8
0.8
0.8
0.8
0.8
0.8
0.13333333333333333
0.13333333333333333
0.5333333333333333
0.13333333333333333
0.8
0.8
0.0
0.8
0.8125
0.8125
0.8125
0.8125
0.8125
0.8125
0.8125
0.5625
0.0
0.8125
0.625
0.8125
0.8125
0.8125
0.8125
0.8125
0.75
0.8125
0.8125
0.75
0.0
0.8125
0.4375
0.4375
0.8125
0.4375
0.8125
0.8125
0.8125
0.8125
0.8125
0.75
0.8125
0.8125
0.75
0.75
0.8125
0.5625
0.4375
0.8125
0.6875
0.8125
0.0
0.8125
0.8125
0.8125
0.8125
0.8125
0.8125
0.8125
0.8125
0.8125
0.1875
0.4375
0.3125
0.3125
0.8125
0.8125
0.0
0.8125
0.8235294117647058
0.0
0.8235294117647058
0.0
0.0
0.8235294117647058
0.8235294117647058
0.0
0.0
0.8235294117647058
0.058823529411764705
0.0
0.0
0.8235294117647058
0.8235294117647058
0.8235294117647058
0.0
0.0
0.0
0.058823529411764705
0.0
0.0
0.0
0.0
0.0
0.4117647058823529
0.8235294117647058
0.0
0.0
0.8235294117647058
0.8235294117647058
0.0
0.0
0.0
0.7647058823529411
0.0
0.8235294117647058
0.0
0.4117647058823529
0.8235294117647058
0.0
0.0
0.0
0.8235294117647058
0.0
0.0
0.0
0.0
0.8235294117647058
0.8235294117647058
0.8235294117647058
0.0
0.35294117647058826
0.0
0.5294117647058824
0.35294117647058826
0.8235294117647058
0.8235294117647058
0.0
0.8235294117647058
0.8333333333333334
0.8333333333333334
0.8333333333333334
0.8333333333333334
0.8333333333333334
0.8333333333333334
0.8333333333333334
0.0
0.0
0.8333333333333334
0.05555555555555555
0.8333333333333334
0.8333333333333334
0.8333333333333334
0.8333333333333334
0.8333333333333334
0.7777777777777778
0.8333333333333334
0.8333333333333334
0.7777777777777778
0.0
0.8333333333333334
0.4444444444444444
0.4444444444444444
0.8333333333333334
0.4444444444444444
0.8333333333333334
0.8333333333333334
0.8333333333333334
0.8333333333333334
0.8333333333333334
0.7777777777777778
0.8333333333333334
0.8333333333333334
0.7777777777777778
0.7777777777777778
0.8333333333333334
0.6111111111111112
0.4444444444444444
0.8333333333333334
0.6666666666666666
0.8333333333333334
0.0
0.8333333333333334
0.8333333333333334
0.8333333333333334
0.8333333333333334
0.8333333333333334
0.8333333333333334
0.8333333333333334
0.8333333333333334
0.8333333333333334
0.2777777777777778
0.4444444444444444
0.3333333333333333
0.3333333333333333
0.8333333333333334
0.8333333333333334
0.0
0.8333333333333334
0.8421052631578947
0.7894736842105263
0.8421052631578947
0.7894736842105263
0.7894736842105263
0.8421052631578947
0.8421052631578947
0.5789473684210527
0.21052631578947367
0.8421052631578947
0.0
0.7894736842105263
0.7894736842105263
0.8421052631578947
0.8421052631578947
0.8421052631578947
0.7368421052631579
0.7894736842105263
0.7894736842105263
0.7368421052631579
0.0
0.7894736842105263
0.42105263157894735
0.21052631578947367
0.7894736842105263
0.15789473684210525
0.8421052631578947
0.7894736842105263
0.7894736842105263
0.8421052631578947
0.8421052631578947
0.7368421052631579
0.7894736842105263
0.7894736842105263
0.7894736842105263
0.7368421052631579
0.8421052631578947
0.5789473684210527
0.3157894736842105
0.8421052631578947
0.15789473684210525
0.7894736842105263
0.0
0.8421052631578947
0.7894736842105263
0.7894736842105263
0.7894736842105263
0.7894736842105263
0.8421052631578947
0.8421052631578947
0.8421052631578947
0.7894736842105263
0.3684210526315789
0.21052631578947367
0.5263157894736842
0.15789473684210525
0.8421052631578947
0.8421052631578947
0.0
0.8421052631578947
0.85
0.8
0.85
0.8
0.8
0.85
0.85
0.0
0.2
0.85
0.15
0.8
0.8
0.85
0.85
0.85
0.75
0.8
0.8
0.75
0.0
0.8
0.2
0.2
0.8
0.2
0.85
0.8
0.8
0.85
0.85
0.75
0.8
0.8
0.8
0.75
0.85
0.2
0.3
0.85
0.65
0.8
0.0
0.85
0.8
0.8
0.8
0.8
0.85
0.85
0.85
0.8
0.2
0.2
0.35
0.35
0.85
0.85
0.0
0.85
0.8571428571428571
0.8095238095238095
0.8571428571428571
0.8095238095238095
0.8095238095238095
0.8571428571428571
0.8571428571428571
0.5714285714285714
0.0
0.8571428571428571
0.5238095238095238
0.8095238095238095
0.8095238095238095
0.8571428571428571
0.8571428571428571
0.8571428571428571
0.7619047619047619
0.8095238095238095
0.8095238095238095
0.7619047619047619
0.0
0.8095238095238095
0.47619047619047616
0.42857142857142855
0.8095238095238095
0.47619047619047616
0.8571428571428571
0.8095238095238095
0.8095238095238095
0.8571428571428571
0.8571428571428571
0.7619047619047619
0.8095238095238095
0.8095238095238095
0.8095238095238095
0.7619047619047619
0.8571428571428571
0.6190476190476191
0.47619047619047616
0.8571428571428571
0.6190476190476191
0.8095238095238095
0.0
0.8571428571428571
0.8095238095238095
0.8095238095238095
0.8095238095238095
0.8095238095238095
0.8571428571428571
0.8571428571428571
0.8571428571428571
0.8095238095238095
0.38095238095238093
0.42857142857142855
0.5238095238095238
0.3333333333333333
0.8571428571428571
0.8571428571428571
0.0
0.8571428571428571
0.8636363636363636
0.8181818181818182
0.8636363636363636
0.8181818181818182
0.8181818181818182
0.8636363636363636
0.8636363636363636
0.045454545454545456
0.13636363636363635
0.8636363636363636
0.0
0.8181818181818182
0.8181818181818182
0.8636363636363636
0.8636363636363636
0.8636363636363636
0.7727272727272727
0.8181818181818182
0.8181818181818182
0.7727272727272727
0.0
0.8181818181818182
0.13636363636363635
0.09090909090909091
0.8181818181818182
0.18181818181818182
0.8636363636363636
0.8181818181818182
0.8181818181818182
0.8636363636363636
0.8636363636363636
0.7727272727272727
0.8181818181818182
0.8181818181818182
0.8181818181818182
0.7727272727272727
0.8636363636363636
0.5909090909090909
0.36363636363636365
0.8636363636363636
0.18181818181818182
0.8181818181818182
0.0
0.8636363636363636
0.8181818181818182
0.8181818181818182
0.8181818181818182
0.8181818181818182
0.8636363636363636
0.8636363636363636
0.8636363636363636
0.8181818181818182
0.36363636363636365
0.2727272727272727
0.5
0.18181818181818182
0.8636363636363636
0.8636363636363636
0.0
0.8636363636363636
0.8695652173913043
0.8260869565217391
0.8695652173913043
0.8260869565217391
0.8260869565217391
0.8695652173913043
0.8695652173913043
0.5652173913043478
0.0
0.8695652173913043
0.5217391304347826
0.8260869565217391
0.8260869565217391
0.8695652173913043
0.8695652173913043
0.8695652173913043
0.782608695652174
0.8260869565217391
0.8260869565217391
0.782608695652174
0.0
0.8260869565217391
0.4782608695652174
0.43478260869565216
0.8260869565217391
0.4782608695652174
0.8695652173913043
0.8260869565217391
0.8260869565217391
0.8695652173913043
0.8695652173913043
0.782608695652174
0.8260869565217391
0.8260869565217391
0.8260869565217391
0.782608695652174
0.8695652173913043
0.6086956521739131
0.4782608695652174
0.8695652173913043
0.6521739130434783
0.8260869565217391
0.0
0.8695652173913043
0.8260869565217391
0.8260869565217391
0.8260869565217391
0.8260869565217391
0.8695652173913043
0.8695652173913043
0.8695652173913043
0.8260869565217391
0.391304347826087
0.43478260869565216
0.5217391304347826
0.34782608695652173
0.8695652173913043
0.8695652173913043
0.0
0.8695652173913043
0.875
0.8333333333333334
0.875
0.8333333333333334
0.8333333333333334
0.875
0.875
0.0
0.25
0.875
0.16666666666666666
0.8333333333333334
0.8333333333333334
0.875
0.875
0.875
0.7916666666666666
0.8333333333333334
0.8333333333333334
0.7916666666666666
0.0
0.8333333333333334
0.20833333333333334
0.25
0.8333333333333334
0.20833333333333334
0.875
0.8333333333333334
0.8333333333333334
0.875
0.875
0.7916666666666666
0.8333333333333334
0.8333333333333334
0.8333333333333334
0.7916666666666666
0.875
0.20833333333333334
0.375
0.875
0.625
0.8333333333333334
0.0
0.875
0.8333333333333334
0.8333333333333334
0.8333333333333334
0.8333333333333334
0.875
0.875
0.875
0.8333333333333334
0.20833333333333334
0.125
0.5416666666666666
0.3333333333333333
0.875
0.875
0.0
0.875
0.88
0.84
0.88
0.84
0.84
0.88
0.88
0.08
0.16
0.88
0.0
0.84
0.84
0.88
0.88
0.88
0.8
0.84
0.84
0.8
0.0
0.84
0.16
0.12
0.84
0.2
0.88
0.84
0.84
0.88
0.88
0.8
0.84
0.84
0.84
0.8
0.88
0.64
0.36
0.88
0.2
0.84
0.0
0.88
0.84
0.84
0.84
0.84
0.88
0.88
0.88
0.84
0.44
0.28
0.56
0.2
0.88
0.88
0.0
0.88
0.8846153846153846
0.8461538461538461
0.8846153846153846
0.8461538461538461
0.8461538461538461
0.8846153846153846
0.8846153846153846
0.5384615384615384
0.0
0.8846153846153846
0.5
0.8461538461538461
0.8461538461538461
0.8846153846153846
0.8846153846153846
0.8846153846153846
0.8076923076923077
0.8461538461538461
0.8461538461538461
0.8076923076923077
0.0
0.8461538461538461
0.46153846153846156
0.4230769230769231
0.8461538461538461
0.46153846153846156
0.8846153846153846
0.8461538461538461
0.8461538461538461
0.8846153846153846
0.8846153846153846
0.8076923076923077
0.8461538461538461
0.8461538461538461
0.8461538461538461
0.8076923076923077
0.8846153846153846
0.6153846153846154
0.46153846153846156
0.8846153846153846
0.6538461538461539
0.8461538461538461
0.0
0.8846153846153846
0.8461538461538461
0.8461538461538461
0.8461538461538461
0.8461538461538461
0.8846153846153846
0.8846153846153846
0.8846153846153846
0.8461538461538461
0.4230769230769231
0.4230769230769231
0.5769230769230769
0.38461538461538464
0.8846153846153846
0.8846153846153846
0.0
0.8846153846153846
0.8888888888888888
0.8518518518518519
0.8888888888888888
0.8518518518518519
0.8518518518518519
0.8888888888888888
0.8888888888888888
0.1111111111111111
0.0
0.8888888888888888
0.18518518518518517
0.8518518518518519
0.8518518518518519
0.8888888888888888
0.8888888888888888
0.8888888888888888
0.8148148148148148
0.8518518518518519
0.8518518518518519
0.8148148148148148
0.0
0.8518518518518519
0.4444444444444444
0.4074074074074074
0.8518518518518519
0.4444444444444444
0.8888888888888888
0.8518518518518519
0.8518518518518519
0.8888888888888888
0.8888888888888888
0.8148148148148148
0.8518518518518519
0.8518518518518519
0.8518518518518519
0.8148148148148148
0.8888888888888888
0.6296296296296297
0.4444444444444444
0.8888888888888888
0.6296296296296297
0.8518518518518519
0.0
0.8888888888888888
0.8518518518518519
0.8518518518518519
0.8518518518518519
0.8518518518518519
0.8888888888888888
0.8888888888888888
0.8888888888888888
0.8518518518518519
0.2222222222222222
0.4074074074074074
0.2962962962962963
0.2962962962962963
0.8888888888888888
0.8888888888888888
0.0
0.8888888888888888
0.8928571428571429
0.8571428571428571
0.8928571428571429
0.8571428571428571
0.8571428571428571
0.8928571428571429
0.8928571428571429
0.5357142857142857
0.0
0.8928571428571429
0.5
0.8571428571428571
0.8571428571428571
0.8928571428571429
0.8928571428571429
0.8928571428571429
0.8214285714285714
0.8571428571428571
0.8571428571428571
0.8214285714285714
0.0
0.8571428571428571
0.4642857142857143
0.42857142857142855
0.8571428571428571
0.4642857142857143
0.8928571428571429
0.8571428571428571
0.8571428571428571
0.8928571428571429
0.8928571428571429
0.8214285714285714
0.8571428571428571
0.8571428571428571
0.8571428571428571
0.8214285714285714
0.8928571428571429
0.6428571428571429
0.4642857142857143
0.8928571428571429
0.6428571428571429
0.8571428571428571
0.0
0.8928571428571429
0.8571428571428571
0.8571428571428571
0.8571428571428571
0.8571428571428571
0.8928571428571429
0.8928571428571429
0.8928571428571429
0.8571428571428571
0.4642857142857143
0.42857142857142855
0.6071428571428571
0.39285714285714285
0.8928571428571429
0.8928571428571429
0.0
0.8928571428571429
0.896551724137931
0.8620689655172413
0.896551724137931
0.8620689655172413
0.8620689655172413
0.896551724137931
0.896551724137931
0.5172413793103449
0.0
0.896551724137931
0.4827586206896552
0.8620689655172413
0.8620689655172413
0.896551724137931
0.896551724137931
0.896551724137931
0.8275862068965517
0.8620689655172413
0.8620689655172413
0.8275862068965517
0.0
0.8620689655172413
0.4827586206896552
0.4482758620689655
0.8620689655172413
0.4827586206896552
0.896551724137931
0.8620689655172413
0.8620689655172413
0.896551724137931
0.896551724137931
0.8275862068965517
0.8620689655172413
0.8620689655172413
0.8620689655172413
0.8275862068965517
0.896551724137931
0.6551724137931034
0.4827586206896552
0.896551724137931
0.6551724137931034
0.8620689655172413
0.0
0.896551724137931
0.8620689655172413
0.8620689655172413
0.8620689655172413
0.8620689655172413
0.896551724137931
0.896551724137931
0.896551724137931
0.8620689655172413
0.2413793103448276
0.4482758620689655
0.3103448275862069
0.3103448275862069
0.896551724137931
0.896551724137931
0.0
0.896551724137931
0.9
0.8666666666666667
0.9
0.8666666666666667
0.8666666666666667
0.9
0.9
0.5333333333333333
0.0
0.9
0.5
0.8666666666666667
0.8666666666666667
0.9
0.9
0.9
0.8333333333333334
0.8666666666666667
0.8666666666666667
0.8333333333333334
0.0
0.8666666666666667
0.5
0.4666666666666667
0.8666666666666667
0.5
0.9
0.8666666666666667
0.8666666666666667
0.9
0.9
0.8333333333333334
0.8666666666666667
0.8666666666666667
0.8666666666666667
0.8333333333333334
0.9
0.6666666666666666
0.5
0.9
0.6666666666666666
0.8666666666666667
0.0
0.9
0.8666666666666667
0.8666666666666667
0.8666666666666667
0.8666666666666667
0.9
0.9
0.9
0.8666666666666667
0.23333333333333334
0.4666666666666667
0.3
0.3
0.9
0.9
0.0
0.9
0.9032258064516129
0.8709677419354839
0.9032258064516129
0.8709677419354839
0.8709677419354839
0.9032258064516129
0.9032258064516129
0.5483870967741935
0.0
0.9032258064516129
0.5161290322580645
0.8709677419354839
0.8709677419354839
0.9032258064516129
0.9032258064516129
0.9032258064516129
0.8387096774193549
0.8709677419354839
0.8709677419354839
0.8387096774193549
0.0
0.8709677419354839
0.16129032258064516
0.4838709677419355
0.8709677419354839
0.1935483870967742
0.9032258064516129
0.8709677419354839
0.8709677419354839
0.9032258064516129
0.9032258064516129
0.8387096774193549
0.8709677419354839
0.8709677419354839
0.8709677419354839
0.8387096774193549
0.9032258064516129
0.6774193548387096
0.5161290322580645
0.9032258064516129
0.6774193548387096
0.8709677419354839
0.0
0.9032258064516129
0.8709677419354839
0.8709677419354839
0.8709677419354839
0.8709677419354839
0.9032258064516129
0.9032258064516129
0.9032258064516129
0.8709677419354839
0.45161290322580644
0.4838709677419355
0.5806451612903226
0.3870967741935484
0.9032258064516129
0.9032258064516129
0.0
0.9032258064516129
0.90625
0.875
0.90625
0.875
0.875
0.90625
0.90625
0.0
0.15625
0.90625
0.53125
0.875
0.875
0.90625
0.90625
0.90625
0.84375
0.875
0.875
0.84375
0.0
0.875
0.1875
0.125
0.875
0.53125
0.90625
0.875
0.875
0.90625
0.90625
0.84375
0.875
0.875
0.875
0.84375
0.90625
0.1875
0.34375
0.90625
0.6875
0.875
0.0
0.90625
0.875
0.875
0.875
0.875
0.90625
0.90625
0.90625
0.875
0.1875
0.25
0.34375
0.34375
0.90625
0.90625
0.0
0.90625
0.9090909090909091
0.8787878787878788
0.9090909090909091
0.8787878787878788
0.8787878787878788
0.9090909090909091
0.9090909090909091
0.0
0.15151515151515152
0.9090909090909091
0.5454545454545454
0.8787878787878788
0.8787878787878788
0.9090909090909091
0.9090909090909091
0.9090909090909091
0.030303030303030304
0.8787878787878788
0.8787878787878788
0.06060606060606061
0.0
0.8787878787878788
0.18181818181818182
0.030303030303030304
0.8787878787878788
0.5151515151515151
0.9090909090909091
0.8787878787878788
0.8787878787878788
0.9090909090909091
0.9090909090909091
0.030303030303030304
0.8787878787878788
0.8787878787878788
0.030303030303030304
0.030303030303030304
0.9090909090909091
0.18181818181818182
0.030303030303030304
0.9090909090909091
0.696969696969697
0.8787878787878788
0.0
0.9090909090909091
0.8787878787878788
0.8787878787878788
0.8787878787878788
0.8787878787878788
0.9090909090909091
0.9090909090909091
0.9090909090909091
0.8787878787878788
0.18181818181818182
0.12121212121212122
0.5757575757575758
0.3939393939393939
0.9090909090909091
0.9090909090909091
0.0
0.9090909090909091
0.9117647058823529
0.8823529411764706
0.9117647058823529
0.8823529411764706
0.8823529411764706
0.9117647058823529
0.9117647058823529
0.0
0.20588235294117646
0.9117647058823529
0.17647058823529413
0.8823529411764706
0.8823529411764706
0.9117647058823529
0.9117647058823529
0.9117647058823529
0.8529411764705882
0.8823529411764706
0.8823529411764706
0.8529411764705882
0.0
0.8823529411764706
0.20588235294117646
0.20588235294117646
0.8823529411764706
0.20588235294117646
0.9117647058823529
0.8823529411764706
0.8823529411764706
0.9117647058823529
0.9117647058823529
0.8529411764705882
0.8823529411764706
0.8823529411764706
0.8823529411764706
0.8529411764705882
0.9117647058823529
0.20588235294117646
0.35294117647058826
0.9117647058823529
0.7058823529411765
0.8823529411764706
0.0
0.9117647058823529
0.8823529411764706
0.8823529411764706
0.8823529411764706
0.8823529411764706
0.9117647058823529
0.9117647058823529
0.9117647058823529
0.8823529411764706
0.20588235294117646
0.2647058823529412
0.35294117647058826
0.35294117647058826
0.9117647058823529
0.9117647058823529
0.0
0.9117647058823529
0.9142857142857143
0.8857142857142857
0.9142857142857143
0.8857142857142857
0.8857142857142857
0.9142857142857143
0.9142857142857143
0.0
0.2
0.9142857142857143
0.5714285714285714
0.8857142857142857
0.8857142857142857
0.9142857142857143
0.9142857142857143
0.9142857142857143
0.8285714285714286
0.8857142857142857
0.8857142857142857
0.8285714285714286
0.0
0.8857142857142857
0.22857142857142856
0.2
0.8857142857142857
0.2
0.9142857142857143
0.8857142857142857
0.8857142857142857
0.9142857142857143
0.9142857142857143
0.8285714285714286
0.8857142857142857
0.8857142857142857
0.8571428571428571
0.8285714285714286
0.9142857142857143
0.22857142857142856
0.34285714285714286
0.9142857142857143
0.7142857142857143
0.8857142857142857
0.0
0.9142857142857143
0.8857142857142857
0.8857142857142857
0.8857142857142857
0.8857142857142857
0.9142857142857143
0.9142857142857143
0.9142857142857143
0.8857142857142857
0.22857142857142856
0.2571428571428571
0.34285714285714286
0.34285714285714286
0.9142857142857143
0.9142857142857143
0.0
0.9142857142857143
0.9166666666666666
0.8888888888888888
0.9166666666666666
0.8888888888888888
0.8888888888888888
0.9166666666666666
0.9166666666666666
0.5277777777777778
0.2222222222222222
0.9166666666666666
0.0
0.8888888888888888
0.8888888888888888
0.9166666666666666
0.9166666666666666
0.9166666666666666
0.8333333333333334
0.8888888888888888
0.8888888888888888
0.8333333333333334
0.0
0.8888888888888888
0.16666666666666666
0.1388888888888889
0.8888888888888888
0.16666666666666666
0.9166666666666666
0.8888888888888888
0.8888888888888888
0.9166666666666666
0.9166666666666666
0.8333333333333334
0.8888888888888888
0.8888888888888888
0.8611111111111112
0.8333333333333334
0.9166666666666666
0.6388888888888888
0.3611111111111111
0.9166666666666666
0.16666666666666666
0.8888888888888888
0.0
0.9166666666666666
0.8888888888888888
0.8888888888888888
0.8888888888888888
0.8888888888888888
0.9166666666666666
0.9166666666666666
0.9166666666666666
0.8888888888888888
0.25
0.1388888888888889
0.5555555555555556
0.16666666666666666
0.9166666666666666
0.9166666666666666
0.0
0.9166666666666666
0.918918918918919
0.8918918918918919
0.918918918918919
0.8918918918918919
0.8918918918918919
0.918918918918919
0.918918918918919
0.5135135135135135
0.0
0.918918918918919
0.5675675675675675
0.8918918918918919
0.8918918918918919
0.918918918918919
0.918918918918919
0.918918918918919
0.8378378378378378
0.8918918918918919
0.8918918918918919
0.8378378378378378
0.0
0.8918918918918919
0.4594594594594595
0.4594594594594595
0.8918918918918919
0.5135135135135135
0.918918918918919
0.8918918918918919
0.8918918918918919
0.918918918918919
0.918918918918919
0.8378378378378378
0.8918918918918919
0.8918918918918919
0.8648648648648649
0.8378378378378378
0.918918918918919
0.6216216216216216
0.4864864864864865
0.918918918918919
0.7297297297297297
0.8918918918918919
0.0
0.918918918918919
0.8918918918918919
0.8918918918918919
0.8918918918918919
0.8918918918918919
0.918918918918919
0.918918918918919
0.918918918918919
0.8918918918918919
0.24324324324324326
0.4594594594594595
0.3783783783783784
0.3783783783783784
0.918918918918919
0.918918918918919
0.0
0.918918918918919
0.9210526315789473
0.8947368421052632
0.9210526315789473
0.8947368421052632
0.8947368421052632
0.9210526315789473
0.9210526315789473
0.5263157894736842
0.0
0.9210526315789473
0.5526315789473685
0.8947368421052632
0.8947368421052632
0.9210526315789473
0.9210526315789473
0.9210526315789473
0.8421052631578947
0.8947368421052632
0.8947368421052632
0.8421052631578947
0.0
0.8947368421052632
0.4473684210526316
0.4473684210526316
0.8947368421052632
0.5
0.9210526315789473
0.8947368421052632
0.8947368421052632
0.9210526315789473
0.9210526315789473
0.8421052631578947
0.8947368421052632
0.8947368421052632
0.868421052631579
0.8421052631578947
0.9210526315789473
0.631578947368421
0.47368421052631576
0.9210526315789473
0.7105263157894737
0.8947368421052632
0.0
0.9210526315789473
0.8947368421052632
0.8947368421052632
0.8947368421052632
0.8947368421052632
0.9210526315789473
0.9210526315789473
0.9210526315789473
0.8947368421052632
0.2631578947368421
0.4473684210526316
0.3684210526315789
0.3684210526315789
0.9210526315789473
0.9210526315789473
0.0
0.9210526315789473
0.9230769230769231
0.8974358974358975
0.9230769230769231
0.8974358974358975
0.8974358974358975
0.9230769230769231
0.9230769230769231
0.5384615384615384
0.23076923076923078
0.9230769230769231
0.0
0.8974358974358975
0.8974358974358975
0.9230769230769231
0.9230769230769231
0.9230769230769231
0.8461538461538461
0.8974358974358975
0.8974358974358975
0.8461538461538461
0.0
0.8974358974358975
0.46153846153846156
0.23076923076923078
0.8974358974358975
0.1794871794871795
0.9230769230769231
0.8974358974358975
0.8974358974358975
0.9230769230769231
0.9230769230769231
0.8461538461538461
0.8974358974358975
0.8974358974358975
0.8717948717948718
0.8461538461538461
0.9230769230769231
0.6410256410256411
0.38461538461538464
0.9230769230769231
0.1794871794871795
0.8974358974358975
0.0
0.9230769230769231
0.8974358974358975
0.8974358974358975
0.8974358974358975
0.8974358974358975
0.9230769230769231
0.9230769230769231
0.9230769230769231
0.8974358974358975
0.38461538461538464
0.28205128205128205
0.5384615384615384
0.1794871794871795
0.9230769230769231
0.9230769230769231
0.0
0.9230769230769231
0.925
0.9
0.925
0.9
0.9
0.925
0.925
0.55
0.225
0.925
0.0
0.9
0.9
0.925
0.925
0.925
0.85
0.9
0.9
0.85
0.0
0.9
0.175
0.15
0.9
0.175
0.925
0.9
0.9
0.925
0.925
0.85
0.9
0.9
0.875
0.85
0.925
0.65
0.375
0.925
0.175
0.9
0.0
0.925
0.9
0.9
0.9
0.9
0.925
0.925
0.925
0.9
0.3
0.15
0.525
0.175
0.925
0.925
0.0
0.925
0.926829268292683
0.9024390243902439
0.926829268292683
0.9024390243902439
0.9024390243902439
0.926829268292683
0.926829268292683
0.0
0.1951219512195122
0.926829268292683
0.5609756097560976
0.9024390243902439
0.9024390243902439
0.926829268292683
0.926829268292683
0.926829268292683
0.8536585365853658
0.9024390243902439
0.9024390243902439
0.8536585365853658
0.0
0.9024390243902439
0.24390243902439024
0.24390243902439024
0.9024390243902439
0.21951219512195122
0.926829268292683
0.9024390243902439
0.9024390243902439
0.926829268292683
0.926829268292683
0.8536585365853658
0.9024390243902439
0.9024390243902439
0.8780487804878049
0.8536585365853658
0.926829268292683
0.24390243902439024
0.3902439024390244
0.926829268292683
0.7073170731707317
0.9024390243902439
0.0
0.926829268292683
0.9024390243902439
0.9024390243902439
0.9024390243902439
0.9024390243902439
0.926829268292683
0.926829268292683
0.926829268292683
0.9024390243902439
0.24390243902439024
0.2926829268292683
0.3902439024390244
0.3902439024390244
0.926829268292683
0.926829268292683
0.0
0.926829268292683
0.9285714285714286
0.9047619047619048
0.9285714285714286
0.9047619047619048
0.9047619047619048
0.9285714285714286
0.9285714285714286
0.0
0.19047619047619047
0.9285714285714286
0.5476190476190477
0.9047619047619048
0.9047619047619048
0.9285714285714286
0.9285714285714286
0.9285714285714286
0.8571428571428571
0.9047619047619048
0.9047619047619048
0.8571428571428571
0.0
0.9047619047619048
0.23809523809523808
0.23809523809523808
0.9047619047619048
0.21428571428571427
0.9285714285714286
0.9047619047619048
0.9047619047619048
0.9285714285714286
0.9285714285714286
0.8571428571428571
0.9047619047619048
0.9047619047619048
0.8809523809523809
0.8571428571428571
0.9285714285714286
0.23809523809523808
0.40476190476190477
0.9285714285714286
0.6904761904761905
0.9047619047619048
0.0
0.9285714285714286
0.9047619047619048
0.9047619047619048
0.9047619047619048
0.9047619047619048
0.9285714285714286
0.9285714285714286
0.9285714285714286
0.9047619047619048
0.23809523809523808
0.2857142857142857
0.38095238095238093
0.38095238095238093
0.9285714285714286
0.9285714285714286
0.0
0.9285714285714286
0.9302325581395349
0.9069767441860465
0.9302325581395349
0.9069767441860465
0.9069767441860465
0.9302325581395349
0.9302325581395349
0.0
0.20930232558139536
0.9302325581395349
0.5581395348837209
0.9069767441860465
0.9069767441860465
0.9302325581395349
0.9302325581395349
0.9302325581395349
0.8604651162790697
0.9069767441860465
0.9069767441860465
0.8604651162790697
0.0
0.9069767441860465
0.2558139534883721
0.2558139534883721
0.9069767441860465
0.23255813953488372
0.9302325581395349
0.9069767441860465
0.9069767441860465
0.9302325581395349
0.9302325581395349
0.8604651162790697
0.9069767441860465
0.9069767441860465
0.8837209302325582
0.8604651162790697
0.9302325581395349
0.2558139534883721
0.4186046511627907
0.9302325581395349
0.6976744186046512
0.9069767441860465
0.0
0.9302325581395349
0.9069767441860465
0.9069767441860465
0.9069767441860465
0.9069767441860465
0.9302325581395349
0.9302325581395349
0.9302325581395349
0.9069767441860465
0.2558139534883721
0.3023255813953488
0.3953488372093023
0.3953488372093023
0.9302325581395349
0.9302325581395349
0.0
0.9302325581395349
0.9318181818181818
0.9090909090909091
0.9318181818181818
0.9090909090909091
0.9090909090909091
0.9318181818181818
0.9318181818181818
0.5454545454545454
0.0
0.9318181818181818
0.5681818181818182
0.9090909090909091
0.9090909090909091
0.9318181818181818
0.9318181818181818
0.9318181818181818
0.8636363636363636
0.9090909090909091
0.9090909090909091
0.8636363636363636
0.0
0.9090909090909091
0.45454545454545453
0.4318181818181818
0.9090909090909091
0.4772727272727273
0.9318181818181818
0.9090909090909091
0.9090909090909091
0.9318181818181818
0.9318181818181818
0.8636363636363636
0.9090909090909091
0.9090909090909091
0.8863636363636364
0.8636363636363636
0.9318181818181818
0.6363636363636364
0.45454545454545453
0.9318181818181818
0.7045454545454546
0.9090909090909091
0.0
0.9318181818181818
0.9090909090909091
0.9090909090909091
0.9090909090909091
0.9090909090909091
0.9318181818181818
0.9318181818181818
0.9318181818181818
0.9090909090909091
0.36363636363636365
0.4318181818181818
0.5227272727272727
0.3181818181818182
0.9318181818181818
0.9318181818181818
0.0
0.9318181818181818
0.9333333333333333
0.9111111111111111
0.9333333333333333
0.9111111111111111
0.9111111111111111
0.9333333333333333
0.9333333333333333
0.0
0.24444444444444444
0.9333333333333333
0.5777777777777777
0.9111111111111111
0.9111111111111111
0.9333333333333333
0.9333333333333333
0.9333333333333333
0.8666666666666667
0.9111111111111111
0.9111111111111111
0.8666666666666667
0.0
0.9111111111111111
0.28888888888888886
0.28888888888888886
0.9111111111111111
0.26666666666666666
0.9333333333333333
0.9111111111111111
0.9111111111111111
0.9333333333333333
0.9333333333333333
0.8666666666666667
0.9111111111111111
0.9111111111111111
0.8888888888888888
0.8666666666666667
0.9333333333333333
0.28888888888888886
0.4444444444444444
0.9333333333333333
0.7111111111111111
0.9111111111111111
0.0
0.9333333333333333
0.9111111111111111
0.9111111111111111
0.9111111111111111
0.9111111111111111
0.9333333333333333
0.9333333333333333
0.9333333333333333
0.9111111111111111
0.28888888888888886
0.3333333333333333
0.4222222222222222
0.4222222222222222
0.9333333333333333
0.9333333333333333
0.0
0.9333333333333333
0.9347826086956522
0.9130434782608695
0.9347826086956522
0.9130434782608695
0.9130434782608695
0.9347826086956522
0.9347826086956522
0.08695652173913043
0.2391304347826087
0.9347826086956522
0.0
0.9130434782608695
0.9130434782608695
0.9347826086956522
0.9347826086956522
0.9347826086956522
0.8695652173913043
0.9130434782608695
0.9130434782608695
0.8695652173913043
0.0
0.9130434782608695
0.17391304347826086
0.15217391304347827
0.9130434782608695
0.1956521739130435
0.9347826086956522
0.9130434782608695
0.9130434782608695
0.9347826086956522
0.9347826086956522
0.8695652173913043
0.9130434782608695
0.9130434782608695
0.8913043478260869
0.8695652173913043
0.9347826086956522
0.6304347826086957
0.43478260869565216
0.9347826086956522
0.1956521739130435
0.9130434782608695
0.0
0.9347826086956522
0.9130434782608695
0.9130434782608695
0.9130434782608695
0.9130434782608695
0.9347826086956522
0.9347826086956522
0.9347826086956522
0.9130434782608695
0.3695652173913043
0.32608695652173914
0.5217391304347826
0.1956521739130435
0.9347826086956522
0.9347826086956522
0.0
0.9347826086956522
0.9361702127659575
0.9148936170212766
0.9361702127659575
0.9148936170212766
0.9148936170212766
0.9361702127659575
0.9361702127659575
0.0
0.2553191489361702
0.9361702127659575
0.5957446808510638
0.9148936170212766
0.9148936170212766
0.9361702127659575
0.9361702127659575
0.9361702127659575
0.8723404255319149
0.9148936170212766
0.9148936170212766
0.8723404255319149
0.0
0.9148936170212766
0.2978723404255319
0.2978723404255319
0.9148936170212766
0.2765957446808511
0.9361702127659575
0.9148936170212766
0.9148936170212766
0.9361702127659575
0.9361702127659575
0.8723404255319149
0.9148936170212766
0.9148936170212766
0.8936170212765957
0.8723404255319149
0.9361702127659575
0.2978723404255319
0.44680851063829785
0.9361702127659575
0.723404255319149
0.9148936170212766
0.0
0.9361702127659575
0.9148936170212766
0.9148936170212766
0.9148936170212766
0.9148936170212766
0.9361702127659575
0.9361702127659575
0.9361702127659575
0.9148936170212766
0.2978723404255319
0.3404255319148936
0.425531914893617
0.425531914893617
0.9361702127659575
0.9361702127659575
0.0
0.9361702127659575
0.9375
0.9166666666666666
0.9375
0.9166666666666666
0.9166666666666666
0.9375
0.9375
0.5208333333333334
0.22916666666666666
0.9375
0.0
0.9166666666666666
0.9166666666666666
0.9375
0.9375
0.9375
0.875
0.9166666666666666
0.9166666666666666
0.875
0.0
0.9166666666666666
0.1875
0.16666666666666666
0.9166666666666666
0.20833333333333334
0.9375
0.9166666666666666
0.9166666666666666
0.9375
0.9375
0.875
0.9166666666666666
0.9166666666666666
0.8958333333333334
0.875
0.9375
0.625
0.4583333333333333
0.9375
0.20833333333333334
0.9166666666666666
0.0
0.9375
0.9166666666666666
0.9166666666666666
0.9166666666666666
0.9166666666666666
0.9375
0.9375
0.9375
0.9166666666666666
0.2708333333333333
0.14583333333333334
0.5208333333333334
0.20833333333333334
0.9375
0.9375
0.0
0.9375
0.9387755102040817
0.9183673469387755
0.9387755102040817
0.9183673469387755
0.9183673469387755
0.9387755102040817
0.9387755102040817
0.5102040816326531
0.0
0.9387755102040817
0.5918367346938775
0.9183673469387755
0.9183673469387755
0.9387755102040817
0.9387755102040817
0.9387755102040817
0.8775510204081632
0.9183673469387755
0.9183673469387755
0.8775510204081632
0.0
0.9183673469387755
0.42857142857142855
0.40816326530612246
0.9183673469387755
0.4489795918367347
0.9387755102040817
0.9183673469387755
0.9183673469387755
0.9387755102040817
0.9387755102040817
0.8775510204081632
0.9183673469387755
0.9183673469387755
0.8979591836734694
0.8775510204081632
0.9387755102040817
0.6122448979591837
0.42857142857142855
0.9387755102040817
0.7142857142857143
0.9183673469387755
0.0
0.9387755102040817
0.9183673469387755
0.9183673469387755
0.9183673469387755
0.9183673469387755
0.9387755102040817
0.9387755102040817
0.9387755102040817
0.9183673469387755
0.3673469387755102
0.40816326530612246
0.5102040816326531
0.30612244897959184
0.9387755102040817
0.9387755102040817
0.0
0.9387755102040817
0.94
0.0
0.94
0.02
0.0
0.94
0.94
0.1
0.02
0.94
0.14
0.92
0.92
0.94
0.94
0.94
0.0
0.92
0.92
0.06
0.0
0.92
0.0
0.02
0.02
0.44
0.94
0.02
0.0
0.94
0.94
0.0
0.92
0.92
0.04
0.04
0.94
0.02
0.48
0.94
0.0
0.92
0.0
0.94
0.02
0.02
0.0
0.0
0.94
0.94
0.0
0.92
0.0
0.16
0.52
0.3
0.94
0.94
0.0
0.94
0.9411764705882353
0.9215686274509803
0.9411764705882353
0.9215686274509803
0.9215686274509803
0.9411764705882353
0.9411764705882353
0.09803921568627451
0.27450980392156865
0.9411764705882353
0.0
0.9215686274509803
0.9215686274509803
0.9411764705882353
0.9411764705882353
0.9411764705882353
0.8823529411764706
0.9215686274509803
0.9215686274509803
0.8823529411764706
0.0
0.9215686274509803
0.43137254901960786
0.29411764705882354
0.9215686274509803
0.21568627450980393
0.9411764705882353
0.9215686274509803
0.9215686274509803
0.9411764705882353
0.9411764705882353
0.8823529411764706
0.9215686274509803
0.9215686274509803
0.9019607843137255
0.8823529411764706
0.9411764705882353
0.6274509803921569
0.47058823529411764
0.9411764705882353
0.21568627450980393
0.9215686274509803
0.0
0.9411764705882353
0.9215686274509803
0.9215686274509803
0.9215686274509803
0.9215686274509803
0.9411764705882353
0.9411764705882353
0.9411764705882353
0.9215686274509803
0.37254901960784315
0.35294117647058826
0.5294117647058824
0.21568627450980393
0.9411764705882353
0.9411764705882353
0.0
0.9411764705882353
0.9423076923076923
0.9038461538461539
0.9423076923076923
0.9038461538461539
0.9038461538461539
0.9423076923076923
0.9423076923076923
0.0
0.2692307692307692
0.9423076923076923
0.5769230769230769
0.9230769230769231
0.9230769230769231
0.9423076923076923
0.9423076923076923
0.9423076923076923
0.8653846153846154
0.9230769230769231
0.9230769230769231
0.8653846153846154
0.0
0.9230769230769231
0.28846153846153844
0.17307692307692307
0.9038461538461539
0.46153846153846156
0.9423076923076923
0.9038461538461539
0.9038461538461539
0.9423076923076923
0.9423076923076923
0.8653846153846154
0.9230769230769231
0.9230769230769231
0.8846153846153846
0.8653846153846154
0.9423076923076923
0.28846153846153844
0.4807692307692308
0.9423076923076923
0.6923076923076923
0.9230769230769231
0.0
0.9423076923076923
0.9038461538461539
0.9038461538461539
0.9038461538461539
0.9038461538461539
0.9423076923076923
0.9423076923076923
0.9230769230769231
0.9230769230769231
0.28846153846153844
0.34615384615384615
0.40384615384615385
0.40384615384615385
0.9423076923076923
0.9423076923076923
0.0
0.9423076923076923
0.9433962264150944
0.9056603773584906
0.9433962264150944
0.9056603773584906
0.9056603773584906
0.9433962264150944
0.9433962264150944
0.0
0.2830188679245283
0.9433962264150944
0.5660377358490566
0.9245283018867925
0.9245283018867925
0.9433962264150944
0.9433962264150944
0.9433962264150944
0.8679245283018868
0.9245283018867925
0.9245283018867925
0.8679245283018868
0.0
0.9245283018867925
0.2830188679245283
0.16981132075471697
0.9056603773584906
0.4528301886792453
0.9433962264150944
0.9056603773584906
0.9056603773584906
0.9433962264150944
0.9433962264150944
0.8679245283018868
0.9245283018867925
0.9245283018867925
0.8867924528301887
0.8679245283018868
0.9433962264150944
0.2830188679245283
0.49056603773584906
0.9433962264150944
0.6792452830188679
0.9245283018867925
0.0
0.9433962264150944
0.9056603773584906
0.9056603773584906
0.9056603773584906
0.9056603773584906
0.9433962264150944
0.9433962264150944
0.9245283018867925
0.9245283018867925
0.2830188679245283
0.3584905660377358
0.39622641509433965
0.39622641509433965
0.9433962264150944
0.9433962264150944
0.0
0.9433962264150944
0.9444444444444444
0.9074074074074074
0.9444444444444444
0.9074074074074074
0.9074074074074074
0.9444444444444444
0.9444444444444444
0.12962962962962962
0.2962962962962963
0.9444444444444444
0.0
0.9259259259259259
0.9259259259259259
0.9444444444444444
0.9444444444444444
0.9444444444444444
0.8703703703703703
0.9259259259259259
0.9259259259259259
0.8703703703703703
0.0
0.9259259259259259
0.18518518518518517
0.18518518518518517
0.9074074074074074
0.2222222222222222
0.9444444444444444
0.9074074074074074
0.9074074074074074
0.9444444444444444
0.9444444444444444
0.8703703703703703
0.9259259259259259
0.9259259259259259
0.8888888888888888
0.8703703703703703
0.9444444444444444
0.6111111111111112
0.5
0.9444444444444444
0.2222222222222222
0.9259259259259259
0.0
0.9444444444444444
0.9074074074074074
0.9074074074074074
0.9074074074074074
0.9074074074074074
0.9444444444444444
0.9444444444444444
0.9259259259259259
0.9259259259259259
0.37037037037037035
0.37037037037037035
0.5370370370370371
0.2222222222222222
0.9444444444444444
0.9444444444444444
0.0
0.9444444444444444
0.9454545454545454
0.9090909090909091
0.9454545454545454
0.9090909090909091
0.9090909090909091
0.9454545454545454
0.9454545454545454
0.0
0.3090909090909091
0.9454545454545454
0.5818181818181818
0.9272727272727272
0.9272727272727272
0.9454545454545454
0.9454545454545454
0.9454545454545454
0.8727272727272727
0.9272727272727272
0.9272727272727272
0.8727272727272727
0.0
0.9272727272727272
0.3090909090909091
0.2
0.9090909090909091
0.4727272727272727
0.9454545454545454
0.9090909090909091
0.9090909090909091
0.9454545454545454
0.9454545454545454
0.8727272727272727
0.9272727272727272
0.9272727272727272
0.8909090909090909
0.8727272727272727
0.9454545454545454
0.3090909090909091
0.509090909090909
0.9454545454545454
0.6909090909090909
0.9272727272727272
0.0
0.9454545454545454
0.9090909090909091
0.9090909090909091
0.9090909090909091
0.9090909090909091
0.9454545454545454
0.9454545454545454
0.9272727272727272
0.9272727272727272
0.3090909090909091
0.38181818181818183
0.41818181818181815
0.41818181818181815
0.9454545454545454
0.9454545454545454
0.0
0.9454545454545454
0.9464285714285714
0.9107142857142857
0.9464285714285714
0.9107142857142857
0.9107142857142857
0.9464285714285714
0.9464285714285714
0.14285714285714285
0.32142857142857145
0.9464285714285714
0.0
0.9285714285714286
0.9285714285714286
0.9464285714285714
0.9464285714285714
0.9464285714285714
0.875
0.9285714285714286
0.9285714285714286
0.875
0.0
0.9285714285714286
0.19642857142857142
0.21428571428571427
0.9107142857142857
0.23214285714285715
0.9464285714285714
0.9107142857142857
0.9107142857142857
0.9464285714285714
0.9464285714285714
0.875
0.9285714285714286
0.9285714285714286
0.8928571428571429
0.875
0.9464285714285714
0.6071428571428571
0.5178571428571429
0.9464285714285714
0.23214285714285715
0.9285714285714286
0.0
0.9464285714285714
0.9107142857142857
0.9107142857142857
0.9107142857142857
0.9107142857142857
0.9464285714285714
0.9464285714285714
0.9285714285714286
0.9285714285714286
0.375
0.39285714285714285
0.5357142857142857
0.23214285714285715
0.9464285714285714
0.9464285714285714
0.0
0.9464285714285714
0.9473684210526315
0.9122807017543859
0.9473684210526315
0.9122807017543859
0.9122807017543859
0.9473684210526315
0.9473684210526315
0.0
0.3333333333333333
0.9473684210526315
0.5789473684210527
0.9298245614035088
0.9298245614035088
0.9473684210526315
0.9473684210526315
0.9473684210526315
0.8771929824561403
0.9298245614035088
0.9298245614035088
0.8771929824561403
0.0
0.9298245614035088
0.3157894736842105
0.22807017543859648
0.9122807017543859
0.47368421052631576
0.9473684210526315
0.9122807017543859
0.9122807017543859
0.9473684210526315
0.9473684210526315
0.8771929824561403
0.9298245614035088
0.9298245614035088
0.8947368421052632
0.8771929824561403
0.9473684210526315
0.3157894736842105
0.5263157894736842
0.9473684210526315
0.6842105263157895
0.9298245614035088
0.0
0.9473684210526315
0.9122807017543859
0.9122807017543859
0.9122807017543859
0.9122807017543859
0.9473684210526315
0.9473684210526315
0.9298245614035088
0.9298245614035088
0.3157894736842105
0.40350877192982454
0.42105263157894735
0.42105263157894735
0.9473684210526315
0.9473684210526315
0.0
0.9473684210526315
0.9482758620689655
0.9137931034482759
0.9482758620689655
0.9137931034482759
0.9137931034482759
0.9482758620689655
0.9482758620689655
0.0
0.3448275862068966
0.9482758620689655
0.5689655172413793
0.9310344827586207
0.9310344827586207
0.9482758620689655
0.9482758620689655
0.9482758620689655
0.8793103448275862
0.9310344827586207
0.9310344827586207
0.8793103448275862
0.0
0.9310344827586207
0.3103448275862069
0.2413793103448276
0.9137931034482759
0.46551724137931033
0.9482758620689655
0.9137931034482759
0.9137931034482759
0.9482758620689655
0.9482758620689655
0.8793103448275862
0.9310344827586207
0.9310344827586207
0.896551724137931
0.8793103448275862
0.9482758620689655
0.3103448275862069
0.5344827586206896
0.9482758620689655
0.6724137931034483
0.9310344827586207
0.0
0.9482758620689655
0.9137931034482759
0.9137931034482759
0.9137931034482759
0.9137931034482759
0.9482758620689655
0.9482758620689655
0.9310344827586207
0.9310344827586207
0.3103448275862069
0.41379310344827586
0.41379310344827586
0.41379310344827586
0.9482758620689655
0.9482758620689655
0.0
0.9482758620689655
0.9491525423728814
0.9152542372881356
0.9491525423728814
0.9152542372881356
0.9152542372881356
0.9491525423728814
0.9491525423728814
0.4576271186440678
0.0
0.9491525423728814
0.576271186440678
0.9322033898305084
0.9322033898305084
0.9491525423728814
0.9491525423728814
0.9491525423728814
0.8813559322033898
0.9322033898305084
0.9322033898305084
0.8813559322033898
0.0
0.9322033898305084
0.3898305084745763
0.3559322033898305
0.9152542372881356
0.4745762711864407
0.9491525423728814
0.9152542372881356
0.9152542372881356
0.9491525423728814
0.9491525423728814
0.8813559322033898
0.9322033898305084
0.9322033898305084
0.8983050847457628
0.8813559322033898
0.9491525423728814
0.5932203389830508
0.3728813559322034
0.9491525423728814
0.6779661016949152
0.9322033898305084
0.0
0.9491525423728814
0.9152542372881356
0.9152542372881356
0.9152542372881356
0.9152542372881356
0.9491525423728814
0.9491525423728814
0.9322033898305084
0.9322033898305084
0.23728813559322035
0.3559322033898305
0.423728813559322
0.423728813559322
0.9491525423728814
0.9491525423728814
0.0
0.9491525423728814
0.95
0.9166666666666666
0.95
0.9166666666666666
0.9166666666666666
0.95
0.95
0.45
0.0
0.95
0.5833333333333334
0.9333333333333333
0.9333333333333333
0.95
0.95
0.95
0.8833333333333333
0.9333333333333333
0.9333333333333333
0.8833333333333333
0.0
0.9333333333333333
0.2
0.35
0.9166666666666666
0.23333333333333334
0.95
0.9166666666666666
0.9166666666666666
0.95
0.95
0.8833333333333333
0.9333333333333333
0.9333333333333333
0.9
0.8833333333333333
0.95
0.5833333333333334
0.36666666666666664
0.95
0.6833333333333333
0.9333333333333333
0.0
0.95
0.9166666666666666
0.9166666666666666
0.9166666666666666
0.9166666666666666
0.95
0.95
0.9333333333333333
0.9333333333333333
0.36666666666666664
0.35
0.5166666666666667
0.2833333333333333
0.95
0.95
0.0
0.95
0.9508196721311475
0.9180327868852459
0.9508196721311475
0.9180327868852459
0.9180327868852459
0.9508196721311475
0.9508196721311475
0.14754098360655737
0.36065573770491804
0.9508196721311475
0.0
0.9344262295081968
0.9344262295081968
0.9508196721311475
0.9508196721311475
0.9508196721311475
0.8852459016393442
0.9344262295081968
0.9344262295081968
0.8852459016393442
0.0
0.9344262295081968
0.19672131147540983
0.26229508196721313
0.9180327868852459
0.22950819672131148
0.9508196721311475
0.9180327868852459
0.9180327868852459
0.9508196721311475
0.9508196721311475
0.8852459016393442
0.9344262295081968
0.9344262295081968
0.9016393442622951
0.8852459016393442
0.9508196721311475
0.5901639344262295
0.5409836065573771
0.9508196721311475
0.22950819672131148
0.9344262295081968
0.0
0.9508196721311475
0.9180327868852459
0.9180327868852459
0.9180327868852459
0.9180327868852459
0.9508196721311475
0.9508196721311475
0.9344262295081968
0.9344262295081968
0.36065573770491804
0.4262295081967213
0.5081967213114754
0.22950819672131148
0.9508196721311475
0.9508196721311475
0.0
0.9508196721311475
0.9516129032258065
0.9193548387096774
0.9516129032258065
0.9193548387096774
0.9193548387096774
0.9516129032258065
0.9516129032258065
0.0
0.3548387096774194
0.9516129032258065
0.5967741935483871
0.9354838709677419
0.9354838709677419
0.9516129032258065
0.9516129032258065
0.9516129032258065
0.8870967741935484
0.9354838709677419
0.9354838709677419
0.8870967741935484
0.0
0.9354838709677419
0.3225806451612903
0.25806451612903225
0.9193548387096774
0.4838709677419355
0.9516129032258065
0.9193548387096774
0.9193548387096774
0.9516129032258065
0.9516129032258065
0.8870967741935484
0.9354838709677419
0.9354838709677419
0.9032258064516129
0.8870967741935484
0.9516129032258065
0.3225806451612903
0.532258064516129
0.9516129032258065
0.6935483870967742
0.9354838709677419
0.0
0.9516129032258065
0.9193548387096774
0.9193548387096774
0.9193548387096774
0.9193548387096774
0.9516129032258065
0.9516129032258065
0.9354838709677419
0.9354838709677419
0.3225806451612903
0.41935483870967744
0.43548387096774194
0.43548387096774194
0.9516129032258065
0.9516129032258065
0.0
0.9516129032258065
0.9523809523809523
0.9206349206349206
0.9523809523809523
0.9206349206349206
0.9206349206349206
0.9523809523809523
0.9523809523809523
0.0
0.36507936507936506
0.9523809523809523
0.5873015873015873
0.9365079365079365
0.9365079365079365
0.9523809523809523
0.9523809523809523
0.9523809523809523
0.8888888888888888
0.9365079365079365
0.9365079365079365
0.8888888888888888
0.0
0.9365079365079365
0.31746031746031744
0.2698412698412698
0.9206349206349206
0.47619047619047616
0.9523809523809523
0.9206349206349206
0.9206349206349206
0.9523809523809523
0.9523809523809523
0.8888888888888888
0.9365079365079365
0.9365079365079365
0.9047619047619048
0.8888888888888888
0.9523809523809523
0.31746031746031744
0.5396825396825397
0.9523809523809523
0.6825396825396826
0.9365079365079365
0.0
0.9523809523809523
0.9206349206349206
0.9206349206349206
0.9206349206349206
0.9206349206349206
0.9523809523809523
0.9523809523809523
0.9365079365079365
0.9365079365079365
0.31746031746031744
0.42857142857142855
0.42857142857142855
0.42857142857142855
0.9523809523809523
0.9523809523809523
0.0
0.9523809523809523
0.953125
0.921875
0.953125
0.921875
0.921875
0.953125
0.953125
0.0
0.375
0.953125
0.59375
0.9375
0.9375
0.953125
0.953125
0.953125
0.890625
0.9375
0.9375
0.890625
0.0
0.9375
0.328125
0.25
0.921875
0.234375
0.953125
0.921875
0.921875
0.953125
0.953125
0.890625
0.9375
0.9375
0.90625
0.890625
0.953125
0.328125
0.546875
0.953125
0.6875
0.9375
0.0
0.953125
0.921875
0.921875
0.921875
0.921875
0.953125
0.953125
0.9375
0.9375
0.328125
0.4375
0.4375
0.4375
0.953125
0.953125
0.0
0.953125
0.9538461538461539
0.9230769230769231
0.9538461538461539
0.9230769230769231
0.9230769230769231
0.9538461538461539
0.9538461538461539
0.0
0.18461538461538463
0.9538461538461539
0.12307692307692308
0.9384615384615385
0.9384615384615385
0.9538461538461539
0.9538461538461539
0.9538461538461539
0.8923076923076924
0.9384615384615385
0.9384615384615385
0.8923076923076924
0.0
0.9384615384615385
0.3384615384615385
0.24615384615384617
0.9230769230769231
0.23076923076923078
0.9538461538461539
0.9230769230769231
0.9230769230769231
0.9538461538461539
0.9538461538461539
0.8923076923076924
0.9384615384615385
0.9384615384615385
0.9076923076923077
0.8923076923076924
0.9538461538461539
0.3384615384615385
0.5538461538461539
0.9538461538461539
0.6923076923076923
0.9384615384615385
0.0
0.9538461538461539
0.9230769230769231
0.9230769230769231
0.9230769230769231
0.9230769230769231
0.9538461538461539
0.9538461538461539
0.9384615384615385
0.9384615384615385
0.3384615384615385
0.13846153846153847
0.5076923076923077
0.27692307692307694
0.9538461538461539
0.9538461538461539
0.0
0.9538461538461539
0.9545454545454546
0.9242424242424242
0.9545454545454546
0.9242424242424242
0.9242424242424242
0.9545454545454546
0.9545454545454546
0.4393939393939394
0.18181818181818182
0.9545454545454546
0.0
0.9393939393939394
0.9393939393939394
0.9545454545454546
0.9545454545454546
0.9545454545454546
0.8939393939393939
0.9393939393939394
0.9393939393939394
0.8939393939393939
0.0
0.9393939393939394
0.36363636363636365
0.25757575757575757
0.9242424242424242
0.22727272727272727
0.9545454545454546
0.9242424242424242
0.9242424242424242
0.9545454545454546
0.9545454545454546
0.8939393939393939
0.9393939393939394
0.9393939393939394
0.9090909090909091
0.8939393939393939
0.9545454545454546
0.5757575757575758
0.5606060606060606
0.9545454545454546
0.22727272727272727
0.9393939393939394
0.0
0.9545454545454546
0.9242424242424242
0.9242424242424242
0.9242424242424242
0.9242424242424242
0.9545454545454546
0.9545454545454546
0.9393939393939394
0.9393939393939394
0.36363636363636365
0.45454545454545453
0.5
0.22727272727272727
0.9545454545454546
0.9545454545454546
0.0
0.9545454545454546
0.9552238805970149
0.9253731343283582
0.9552238805970149
0.9253731343283582
0.9253731343283582
0.9552238805970149
0.9552238805970149
0.14925373134328357
0.0
0.9552238805970149
0.13432835820895522
0.9402985074626866
0.9402985074626866
0.9552238805970149
0.9552238805970149
0.9552238805970149
0.8955223880597015
0.9402985074626866
0.9402985074626866
0.8955223880597015
0.0
0.9402985074626866
0.3582089552238806
0.34328358208955223
0.9253731343283582
0.47761194029850745
0.9552238805970149
0.9253731343283582
0.9253731343283582
0.9552238805970149
0.9552238805970149
0.8955223880597015
0.9402985074626866
0.9402985074626866
0.9104477611940298
0.8955223880597015
0.9552238805970149
0.5671641791044776
0.3582089552238806
0.9552238805970149
0.7014925373134329
0.9402985074626866
0.0
0.9552238805970149
0.9253731343283582
0.9253731343283582
0.9253731343283582
0.9253731343283582
0.9552238805970149
0.9552238805970149
0.9402985074626866
0.9402985074626866
0.22388059701492538
0.34328358208955223
0.44776119402985076
0.44776119402985076
0.9552238805970149
0.9552238805970149
0.0
0.9552238805970149
0.9558823529411765
0.9264705882352942
0.9558823529411765
0.9264705882352942
0.9264705882352942
0.9558823529411765
0.9558823529411765
0.4411764705882353
0.0
0.9558823529411765
0.5882352941176471
0.9411764705882353
0.9411764705882353
0.9558823529411765
0.9558823529411765
0.9558823529411765
0.8970588235294118
0.9411764705882353
0.9411764705882353
0.8970588235294118
0.0
0.9411764705882353
0.36764705882352944
0.3382352941176471
0.9264705882352942
0.47058823529411764
0.9558823529411765
0.9264705882352942
0.9264705882352942
0.9558823529411765
0.9558823529411765
0.8970588235294118
0.9411764705882353
0.9411764705882353
0.9117647058823529
0.8970588235294118
0.9558823529411765
0.5735294117647058
0.35294117647058826
0.9558823529411765
0.6911764705882353
0.9411764705882353
0.0
0.9558823529411765
0.9264705882352942
0.9264705882352942
0.9264705882352942
0.9264705882352942
0.9558823529411765
0.9558823529411765
0.9411764705882353
0.9411764705882353
0.36764705882352944
0.3382352941176471
0.5147058823529411
0.27941176470588236
0.9558823529411765
0.9558823529411765
0.0
0.9558823529411765
0.9565217391304348
0.927536231884058
0.9565217391304348
0.927536231884058
0.927536231884058
0.9565217391304348
0.9565217391304348
0.43478260869565216
0.2028985507246377
0.9565217391304348
0.0
0.9420289855072463
0.9420289855072463
0.9565217391304348
0.9565217391304348
0.9565217391304348
0.8985507246376812
0.9420289855072463
0.9420289855072463
0.8985507246376812
0.0
0.9420289855072463
0.2028985507246377
0.2753623188405797
0.927536231884058
0.2318840579710145
0.9565217391304348
0.927536231884058
0.927536231884058
0.9565217391304348
0.9565217391304348
0.8985507246376812
0.9420289855072463
0.9420289855072463
0.9130434782608695
0.8985507246376812
0.9565217391304348
0.5797101449275363
0.5652173913043478
0.9565217391304348
0.2318840579710145
0.9420289855072463
0.0
0.9565217391304348
0.927536231884058
0.927536231884058
0.927536231884058
0.927536231884058
0.9565217391304348
0.9565217391304348
0.9420289855072463
0.9420289855072463
0.2318840579710145
0.14492753623188406
0.5072463768115942
0.2318840579710145
0.9565217391304348
0.9565217391304348
0.0
0.9565217391304348
0.9571428571428572
0.9285714285714286
0.9571428571428572
0.9285714285714286
0.9285714285714286
0.9571428571428572
0.9571428571428572
0.0
0.2
0.9571428571428572
0.14285714285714285
0.9428571428571428
0.9428571428571428
0.9571428571428572
0.9571428571428572
0.9571428571428572
0.9
0.9428571428571428
0.9428571428571428
0.9
0.0
0.9428571428571428
0.34285714285714286
0.2714285714285714
0.9285714285714286
0.24285714285714285
0.9571428571428572
0.9285714285714286
0.9285714285714286
0.9571428571428572
0.9571428571428572
0.9
0.9428571428571428
0.9428571428571428
0.9142857142857143
0.9
0.9571428571428572
0.34285714285714286
0.5571428571428572
0.9571428571428572
0.7
0.9428571428571428
0.0
0.9571428571428572
0.9285714285714286
0.9285714285714286
0.9285714285714286
0.9285714285714286
0.9571428571428572
0.9571428571428572
0.9428571428571428
0.9428571428571428
0.34285714285714286
0.44285714285714284
0.44285714285714284
0.44285714285714284
0.9571428571428572
0.9571428571428572
0.0
0.9571428571428572
0.9577464788732394
0.9295774647887324
0.9577464788732394
0.9295774647887324
0.9295774647887324
0.9577464788732394
0.9577464788732394
0.15492957746478872
0.36619718309859156
0.9577464788732394
0.0
0.9436619718309859
0.9436619718309859
0.9577464788732394
0.9577464788732394
0.9577464788732394
0.9014084507042254
0.9436619718309859
0.9436619718309859
0.9014084507042254
0.0
0.9436619718309859
0.2112676056338028
0.28169014084507044
0.9295774647887324
0.23943661971830985
0.9577464788732394
0.9295774647887324
0.9295774647887324
0.9577464788732394
0.9577464788732394
0.9014084507042254
0.9436619718309859
0.9436619718309859
0.9154929577464789
0.9014084507042254
0.9577464788732394
0.5915492957746479
0.5633802816901409
0.9577464788732394
0.23943661971830985
0.9436619718309859
0.0
0.9577464788732394
0.9295774647887324
0.9295774647887324
0.9295774647887324
0.9295774647887324
0.9577464788732394
0.9577464788732394
0.9436619718309859
0.9436619718309859
0.36619718309859156
0.43661971830985913
0.5211267605633803
0.23943661971830985
0.9577464788732394
0.9577464788732394
0.0
0.9577464788732394
0.9583333333333334
0.9305555555555556
0.9583333333333334
0.9305555555555556
0.9305555555555556
0.9583333333333334
0.9583333333333334
0.0
0.2222222222222222
0.9583333333333334
0.1527777777777778
0.9444444444444444
0.9444444444444444
0.9583333333333334
0.9583333333333334
0.9583333333333334
0.9027777777777778
0.9444444444444444
0.9444444444444444
0.9027777777777778
0.0
0.9444444444444444
0.3472222222222222
0.2777777777777778
0.9305555555555556
0.25
0.9583333333333334
0.9305555555555556
0.9305555555555556
0.9583333333333334
0.9583333333333334
0.9027777777777778
0.9444444444444444
0.9444444444444444
0.9166666666666666
0.9027777777777778
0.9583333333333334
0.3472222222222222
0.5694444444444444
0.9583333333333334
0.6944444444444444
0.9444444444444444
0.0
0.9583333333333334
0.9305555555555556
0.9305555555555556
0.9305555555555556
0.9305555555555556
0.9583333333333334
0.9583333333333334
0.9444444444444444
0.9444444444444444
0.3472222222222222
0.4444444444444444
0.4444444444444444
0.4444444444444444
0.9583333333333334
0.9583333333333334
0.0
0.9583333333333334
0.958904109589041
0.0136986301369863
0.958904109589041
0.0273972602739726
0.0
0.958904109589041
0.958904109589041
0.0136986301369863
0.0273972602739726
0.958904109589041
0.1506849315068493
0.0136986301369863
0.0136986301369863
0.958904109589041
0.958904109589041
0.958904109589041
0.0136986301369863
0.0136986301369863
0.0136986301369863
0.0547945205479452
0.0
0.0136986301369863
0.0136986301369863
0.0273972602739726
0.0273972602739726
0.4657534246575342
0.958904109589041
0.0273972602739726
0.0136986301369863
0.958904109589041
0.958904109589041
0.0136986301369863
0.0136986301369863
0.0136986301369863
0.9178082191780822
0.0136986301369863
0.958904109589041
0.0273972602739726
0.3561643835616438
0.958904109589041
0.0136986301369863
0.0
0.0136986301369863
0.958904109589041
0.0273972602739726
0.0273972602739726
0.0136986301369863
0.0136986301369863
0.958904109589041
0.958904109589041
0.9452054794520548
0.0136986301369863
0.3698630136986301
0.0136986301369863
0.5205479452054794
0.273972602739726
0.958904109589041
0.958904109589041
0.0
0.958904109589041
0.9594594594594594
0.9324324324324325
0.9594594594594594
0.9324324324324325
0.9324324324324325
0.9594594594594594
0.9594594594594594
0.0
0.36486486486486486
0.9594594594594594
0.5540540540540541
0.9459459459459459
0.9459459459459459
0.9594594594594594
0.9594594594594594
0.9594594594594594
0.9054054054054054
0.9459459459459459
0.9459459459459459
0.9054054054054054
0.0
0.9459459459459459
0.35135135135135137
0.28378378378378377
0.9324324324324325
0.4594594594594595
0.9594594594594594
0.9324324324324325
0.9324324324324325
0.9594594594594594
0.9594594594594594
0.9054054054054054
0.9459459459459459
0.9459459459459459
0.918918918918919
0.9054054054054054
0.9594594594594594
0.35135135135135137
0.581081081081081
0.9594594594594594
0.6891891891891891
0.9459459459459459
0.0
0.9594594594594594
0.9324324324324325
0.9324324324324325
0.9324324324324325
0.9324324324324325
0.9594594594594594
0.9594594594594594
0.9459459459459459
0.9459459459459459
0.35135135135135137
0.4594594594594595
0.44594594594594594
0.44594594594594594
0.9594594594594594
0.9594594594594594
0.0
0.9594594594594594
0.96
0.92
0.96
0.92
0.92
0.96
0.96
0.4266666666666667
0.0
0.96
0.5466666666666666
0.9333333333333333
0.9333333333333333
0.96
0.96
0.96
0.8933333333333333
0.9333333333333333
0.9333333333333333
0.8933333333333333
0.0
0.9333333333333333
0.36
0.3333333333333333
0.92
0.4666666666666667
0.96
0.92
0.92
0.96
0.96
0.8933333333333333
0.9333333333333333
0.9333333333333333
0.92
0.8933333333333333
0.96
0.5733333333333334
0.36
0.96
0.68
0.9333333333333333
0.0
0.96
0.92
0.92
0.92
0.92
0.96
0.96
0.9466666666666667
0.9333333333333333
0.37333333333333335
0.3333333333333333
0.52
0.28
0.96
0.96
0.0
0.96
0.9605263157894737
0.9210526315789473
0.9605263157894737
0.9210526315789473
0.9210526315789473
0.9605263157894737
0.9605263157894737
0.0
0.3684210526315789
0.9605263157894737
0.5526315789473685
0.9342105263157895
0.9342105263157895
0.9605263157894737
0.9605263157894737
0.9605263157894737
0.8947368421052632
0.9342105263157895
0.9342105263157895
0.8947368421052632
0.0
0.9342105263157895
0.35526315789473684
0.2894736842105263
0.9210526315789473
0.47368421052631576
0.9605263157894737
0.9210526315789473
0.9210526315789473
0.9605263157894737
0.9605263157894737
0.8947368421052632
0.9342105263157895
0.9342105263157895
0.9210526315789473
0.8947368421052632
0.9605263157894737
0.35526315789473684
0.5789473684210527
0.9605263157894737
0.6842105263157895
0.9342105263157895
0.0
0.9605263157894737
0.9210526315789473
0.9210526315789473
0.9210526315789473
0.9210526315789473
0.9605263157894737
0.9605263157894737
0.9473684210526315
0.9342105263157895
0.35526315789473684
0.4605263157894737
0.4473684210526316
0.4473684210526316
0.9605263157894737
0.9605263157894737
0.0
0.9605263157894737
0.961038961038961
0.025974025974025976
0.961038961038961
0.03896103896103896
0.0
0.961038961038961
0.961038961038961
0.025974025974025976
0.03896103896103896
0.961038961038961
0.16883116883116883
0.025974025974025976
0.025974025974025976
0.961038961038961
0.961038961038961
0.961038961038961
0.025974025974025976
0.025974025974025976
0.025974025974025976
0.06493506493506493
0.0
0.025974025974025976
0.025974025974025976
0.03896103896103896
0.03896103896103896
0.4805194805194805
0.961038961038961
0.03896103896103896
0.025974025974025976
0.961038961038961
0.961038961038961
0.025974025974025976
0.025974025974025976
0.025974025974025976
0.922077922077922
0.025974025974025976
0.961038961038961
0.03896103896103896
0.36363636363636365
0.961038961038961
0.025974025974025976
0.0
0.025974025974025976
0.961038961038961
0.03896103896103896
0.03896103896103896
0.025974025974025976
0.025974025974025976
0.961038961038961
0.961038961038961
0.948051948051948
0.025974025974025976
0.37662337662337664
0.025974025974025976
0.5194805194805194
0.2857142857142857
0.961038961038961
0.961038961038961
0.0
0.961038961038961
0.9615384615384616
0.9230769230769231
0.9615384615384616
0.9230769230769231
0.9230769230769231
0.9615384615384616
0.9615384615384616
0.0
0.3717948717948718
0.9615384615384616
0.5641025641025641
0.9358974358974359
0.9358974358974359
0.9615384615384616
0.9615384615384616
0.9615384615384616
0.8974358974358975
0.9358974358974359
0.9358974358974359
0.8974358974358975
0.0
0.9358974358974359
0.358974358974359
0.2948717948717949
0.9230769230769231
0.48717948717948717
0.9615384615384616
0.9230769230769231
0.9230769230769231
0.9615384615384616
0.9615384615384616
0.8974358974358975
0.9358974358974359
0.9358974358974359
0.9230769230769231
0.8974358974358975
0.9615384615384616
0.358974358974359
0.5769230769230769
0.9615384615384616
0.6923076923076923
0.9358974358974359
0.0
0.9615384615384616
0.9230769230769231
0.9230769230769231
0.9230769230769231
0.9230769230769231
0.9615384615384616
0.9615384615384616
0.9487179487179487
0.9358974358974359
0.358974358974359
0.46153846153846156
0.44871794871794873
0.44871794871794873
0.9615384615384616
0.9615384615384616
0.0
0.9615384615384616
0.9620253164556962
0.9113924050632911
0.9620253164556962
0.9113924050632911
0.9113924050632911
0.9620253164556962
0.9620253164556962
0.4177215189873418
0.21518987341772153
0.9620253164556962
0.0
0.9240506329113924
0.9240506329113924
0.9620253164556962
0.9620253164556962
0.9620253164556962
0.8860759493670886
0.9240506329113924
0.9240506329113924
0.8860759493670886
0.0
0.9240506329113924
0.20253164556962025
0.2911392405063291
0.9113924050632911
0.22784810126582278
0.9620253164556962
0.9113924050632911
0.9113924050632911
0.9620253164556962
0.9620253164556962
0.8860759493670886
0.9240506329113924
0.9240506329113924
0.9240506329113924
0.8860759493670886
0.9620253164556962
0.5569620253164557
0.569620253164557
0.9620253164556962
0.22784810126582278
0.9240506329113924
0.0
0.9620253164556962
0.9113924050632911
0.9113924050632911
0.9113924050632911
0.9113924050632911
0.9620253164556962
0.9620253164556962
0.9493670886075949
0.9240506329113924
0.21518987341772153
0.13924050632911392
0.5189873417721519
0.22784810126582278
0.9620253164556962
0.9620253164556962
0.0
0.9620253164556962
0.9625
0.9125
0.9625
0.9125
0.9125
0.9625
0.9625
0.4125
0.2125
0.9625
0.0
0.925
0.925
0.9625
0.9625
0.9625
0.8875
0.925
0.925
0.8875
0.0
0.925
0.2
0.3
0.9125
0.225
0.9625
0.9125
0.9125
0.9625
0.9625
0.8875
0.925
0.925
0.925
0.8875
0.9625
0.55
0.575
0.9625
0.225
0.925
0.0
0.9625
0.9125
0.9125
0.9125
0.9125
0.9625
0.9625
0.95
0.925
0.2125
0.1375
0.5125
0.225
0.9625
0.9625
0.0
0.9625
0.9629629629629629
0.9135802469135802
0.9629629629629629
0.9135802469135802
0.9135802469135802
0.9629629629629629
0.9629629629629629
0.14814814814814814
0.37037037037037035
0.9629629629629629
0.0
0.9259259259259259
0.9259259259259259
0.9629629629629629
0.9629629629629629
0.9629629629629629
0.8888888888888888
0.9259259259259259
0.9259259259259259
0.8888888888888888
0.0
0.9259259259259259
0.20987654320987653
0.30864197530864196
0.9135802469135802
0.2345679012345679
0.9629629629629629
0.9135802469135802
0.9135802469135802
0.9629629629629629
0.9629629629629629
0.8888888888888888
0.9259259259259259
0.9259259259259259
0.9259259259259259
0.8888888888888888
0.9629629629629629
0.5555555555555556
0.5802469135802469
0.9629629629629629
0.2345679012345679
0.9259259259259259
0.0
0.9629629629629629
0.9135802469135802
0.9135802469135802
0.9135802469135802
0.9135802469135802
0.9629629629629629
0.9629629629629629
0.9506172839506173
0.9259259259259259
0.37037037037037035
0.4567901234567901
0.5185185185185185
0.2345679012345679
0.9629629629629629
0.9629629629629629
0.0
0.9629629629629629
0.9634146341463414
0.0
0.9634146341463414
0.04878048780487805
0.012195121951219513
0.9634146341463414
0.9634146341463414
0.14634146341463414
0.04878048780487805
0.9634146341463414
0.17073170731707318
0.926829268292683
0.926829268292683
0.9634146341463414
0.9634146341463414
0.9634146341463414
0.012195121951219513
0.926829268292683
0.926829268292683
0.07317073170731707
0.0
0.926829268292683
0.012195121951219513
0.04878048780487805
0.04878048780487805
0.4878048780487805
0.9634146341463414
0.04878048780487805
0.012195121951219513
0.9634146341463414
0.9634146341463414
0.012195121951219513
0.926829268292683
0.926829268292683
0.036585365853658534
0.036585365853658534
0.9634146341463414
0.04878048780487805
0.5853658536585366
0.9634146341463414
0.012195121951219513
0.926829268292683
0.0
0.9634146341463414
0.04878048780487805
0.04878048780487805
0.012195121951219513
0.012195121951219513
0.9634146341463414
0.9634146341463414
0.012195121951219513
0.926829268292683
0.012195121951219513
0.15853658536585366
0.524390243902439
0.2804878048780488
0.9634146341463414
0.9634146341463414
0.0
0.9634146341463414
0.963855421686747
0.9156626506024096
0.963855421686747
0.9156626506024096
0.9156626506024096
0.963855421686747
0.963855421686747
0.42168674698795183
0.0
0.963855421686747
0.5421686746987951
0.927710843373494
0.927710843373494
0.963855421686747
0.963855421686747
0.963855421686747
0.891566265060241
0.927710843373494
0.927710843373494
0.891566265060241
0.0
0.927710843373494
0.3373493975903614
0.3132530120481928
0.9156626506024096
0.4819277108433735
0.963855421686747
0.9156626506024096
0.9156626506024096
0.963855421686747
0.963855421686747
0.891566265060241
0.927710843373494
0.927710843373494
0.927710843373494
0.891566265060241
0.963855421686747
0.5662650602409639
0.3493975903614458
0.963855421686747
0.6626506024096386
0.927710843373494
0.0
0.963855421686747
0.9156626506024096
0.9156626506024096
0.9156626506024096
0.9156626506024096
0.963855421686747
0.963855421686747
0.9518072289156626
0.927710843373494
0.37349397590361444
0.3132530120481928
0.5301204819277109
0.27710843373493976
0.963855421686747
0.963855421686747
0.0
0.963855421686747
0.9642857142857143
0.9047619047619048
0.9642857142857143
0.9047619047619048
0.9047619047619048
0.9642857142857143
0.9642857142857143
0.4166666666666667
0.0
0.9642857142857143
0.5357142857142857
0.9285714285714286
0.9285714285714286
0.9642857142857143
0.9642857142857143
0.9642857142857143
0.8809523809523809
0.9285714285714286
0.9285714285714286
0.8809523809523809
0.0
0.9285714285714286
0.3333333333333333
0.30952380952380953
0.9047619047619048
0.4880952380952381
0.9642857142857143
0.9047619047619048
0.9047619047619048
0.9642857142857143
0.9642857142857143
0.8809523809523809
0.9285714285714286
0.9285714285714286
0.9166666666666666
0.8809523809523809
0.9642857142857143
0.5595238095238095
0.34523809523809523
0.9642857142857143
0.6547619047619048
0.9285714285714286
0.0
0.9642857142857143
0.9047619047619048
0.9047619047619048
0.9047619047619048
0.9047619047619048
0.9642857142857143
0.9642857142857143
0.9404761904761905
0.9285714285714286
0.36904761904761907
0.30952380952380953
0.5357142857142857
0.2857142857142857
0.9642857142857143
0.9642857142857143
0.0
0.9642857142857143
0.9647058823529412
0.9058823529411765
0.9647058823529412
0.9058823529411765
0.9058823529411765
0.9647058823529412
0.9647058823529412
0.0
0.36470588235294116
0.9647058823529412
0.5411764705882353
0.9294117647058824
0.9294117647058824
0.9647058823529412
0.9647058823529412
0.9647058823529412
0.8823529411764706
0.9294117647058824
0.9294117647058824
0.8823529411764706
0.0
0.9294117647058824
0.3411764705882353
0.24705882352941178
0.9058823529411765
0.2235294117647059
0.9647058823529412
0.9058823529411765
0.9058823529411765
0.9647058823529412
0.9647058823529412
0.8823529411764706
0.9294117647058824
0.9294117647058824
0.9176470588235294
0.8823529411764706
0.9647058823529412
0.3411764705882353
0.5882352941176471
0.9647058823529412
0.6588235294117647
0.9294117647058824
0.0
0.9647058823529412
0.9058823529411765
0.9058823529411765
0.9058823529411765
0.9058823529411765
0.9647058823529412
0.9647058823529412
0.9411764705882353
0.9294117647058824
0.3411764705882353
0.4470588235294118
0.4235294117647059
0.4235294117647059
0.9647058823529412
0.9647058823529412
0.0
0.9647058823529412
0.9651162790697675
0.9069767441860465
0.9651162790697675
0.9069767441860465
0.9069767441860465
0.9651162790697675
0.9651162790697675
0.0
0.36046511627906974
0.9651162790697675
0.5465116279069767
0.9302325581395349
0.9302325581395349
0.9651162790697675
0.9651162790697675
0.9651162790697675
0.023255813953488372
0.9302325581395349
0.9302325581395349
0.08139534883720931
0.0
0.9302325581395349
0.3372093023255814
0.023255813953488372
0.9069767441860465
0.5
0.9651162790697675
0.9069767441860465
0.9069767441860465
0.9651162790697675
0.9651162790697675
0.023255813953488372
0.9302325581395349
0.9302325581395349
0.046511627906976744
0.046511627906976744
0.9651162790697675
0.3372093023255814
0.023255813953488372
0.9651162790697675
0.6627906976744186
0.9302325581395349
0.0
0.9651162790697675
0.9069767441860465
0.9069767441860465
0.9069767441860465
0.9069767441860465
0.9651162790697675
0.9651162790697675
0.9418604651162791
0.9302325581395349
0.3372093023255814
0.16279069767441862
0.5465116279069767
0.3023255813953488
0.9651162790697675
0.9651162790697675
0.0
0.9651162790697675
0.9655172413793104
0.9080459770114943
0.9655172413793104
0.9080459770114943
0.9080459770114943
0.9655172413793104
0.9655172413793104
0.16091954022988506
0.367816091954023
0.9655172413793104
0.0
0.9310344827586207
0.9310344827586207
0.9655172413793104
0.9655172413793104
0.9655172413793104
0.8850574712643678
0.9310344827586207
0.9310344827586207
0.8850574712643678
0.0
0.9310344827586207
0.21839080459770116
0.3103448275862069
0.9080459770114943
0.2413793103448276
0.9655172413793104
0.9080459770114943
0.9080459770114943
0.9655172413793104
0.9655172413793104
0.8850574712643678
0.9310344827586207
0.9310344827586207
0.9195402298850575
0.8850574712643678
0.9655172413793104
0.5632183908045977
0.5862068965517241
0.9655172413793104
0.2413793103448276
0.9310344827586207
0.0
0.9655172413793104
0.9080459770114943
0.9080459770114943
0.9080459770114943
0.9080459770114943
0.9655172413793104
0.9655172413793104
0.9425287356321839
0.9310344827586207
0.3793103448275862
0.4482758620689655
0.5402298850574713
0.2413793103448276
0.9655172413793104
0.9655172413793104
0.0
0.9655172413793104
0.9659090909090909
0.9090909090909091
0.9659090909090909
0.9090909090909091
0.9090909090909091
0.9659090909090909
0.9659090909090909
0.42045454545454547
0.0
0.9659090909090909
0.5568181818181818
0.9318181818181818
0.9318181818181818
0.9659090909090909
0.9659090909090909
0.9659090909090909
0.875
0.9318181818181818
0.9318181818181818
0.875
0.0
0.9318181818181818
0.3409090909090909
0.3181818181818182
0.9090909090909091
0.5
0.9659090909090909
0.9090909090909091
0.9090909090909091
0.9659090909090909
0.9659090909090909
0.875
0.9318181818181818
0.9318181818181818
0.9090909090909091
0.875
0.9659090909090909
0.5568181818181818
0.3522727272727273
0.9659090909090909
0.6704545454545454
0.9318181818181818
0.0
0.9659090909090909
0.9090909090909091
0.9090909090909091
0.9090909090909091
0.9090909090909091
0.9659090909090909
0.9659090909090909
0.9431818181818182
0.9318181818181818
0.2159090909090909
0.3181818181818182
0.42045454545454547
0.42045454545454547
0.9659090909090909
0.9659090909090909
0.0
0.9659090909090909
0.9662921348314607
0.9101123595505618
0.9662921348314607
0.9101123595505618
0.9101123595505618
0.9662921348314607
0.9662921348314607
0.0
0.38202247191011235
0.9662921348314607
0.550561797752809
0.9325842696629213
0.9325842696629213
0.9662921348314607
0.9662921348314607
0.9662921348314607
0.8764044943820225
0.9325842696629213
0.9325842696629213
0.8764044943820225
0.0
0.9325842696629213
0.34831460674157305
0.3146067415730337
0.9101123595505618
0.4943820224719101
0.9662921348314607
0.9101123595505618
0.9101123595505618
0.9662921348314607
0.9662921348314607
0.8764044943820225
0.9325842696629213
0.9325842696629213
0.9101123595505618
0.8764044943820225
0.9662921348314607
0.34831460674157305
0.5842696629213483
0.9662921348314607
0.6629213483146067
0.9325842696629213
0.0
0.9662921348314607
0.9101123595505618
0.9101123595505618
0.9101123595505618
0.9101123595505618
0.9662921348314607
0.9662921348314607
0.9438202247191011
0.9325842696629213
0.34831460674157305
0.449438202247191
0.4157303370786517
0.4157303370786517
0.9662921348314607
0.9662921348314607
0.0
0.9662921348314607
0.9666666666666667
0.03333333333333333
0.9666666666666667
0.05555555555555555
0.0
0.9666666666666667
0.9666666666666667
0.03333333333333333
0.05555555555555555
0.9666666666666667
0.16666666666666666
0.03333333333333333
0.03333333333333333
0.9666666666666667
0.9666666666666667
0.9666666666666667
0.03333333333333333
0.03333333333333333
0.03333333333333333
0.08888888888888889
0.0
0.03333333333333333
0.03333333333333333
0.05555555555555555
0.05555555555555555
0.5
0.9666666666666667
0.05555555555555555
0.03333333333333333
0.9666666666666667
0.9666666666666667
0.03333333333333333
0.03333333333333333
0.03333333333333333
0.9111111111111111
0.03333333333333333
0.9666666666666667
0.05555555555555555
0.35555555555555557
0.9666666666666667
0.03333333333333333
0.0
0.03333333333333333
0.9666666666666667
0.05555555555555555
0.05555555555555555
0.03333333333333333
0.03333333333333333
0.9666666666666667
0.9666666666666667
0.9444444444444444
0.03333333333333333
0.37777777777777777
0.03333333333333333
0.5444444444444444
0.3
0.9666666666666667
0.9666666666666667
0.0
0.9666666666666667
0.967032967032967
0.9120879120879121
0.967032967032967
0.9120879120879121
0.9120879120879121
0.967032967032967
0.967032967032967
0.4175824175824176
0.2087912087912088
0.967032967032967
0.0
0.9340659340659341
0.9340659340659341
0.967032967032967
0.967032967032967
0.967032967032967
0.8791208791208791
0.9340659340659341
0.9340659340659341
0.8791208791208791
0.0
0.9340659340659341
0.21978021978021978
0.31868131868131866
0.9120879120879121
0.24175824175824176
0.967032967032967
0.9120879120879121
0.9120879120879121
0.967032967032967
0.967032967032967
0.8791208791208791
0.9340659340659341
0.9340659340659341
0.9120879120879121
0.8791208791208791
0.967032967032967
0.5604395604395604
0.5824175824175825
0.967032967032967
0.24175824175824176
0.9340659340659341
0.0
0.967032967032967
0.9120879120879121
0.9120879120879121
0.9120879120879121
0.9120879120879121
0.967032967032967
0.967032967032967
0.945054945054945
0.9340659340659341
0.21978021978021978
0.16483516483516483
0.5384615384615384
0.24175824175824176
0.967032967032967
0.967032967032967
0.0
0.967032967032967
0.967391304347826
0.9021739130434783
0.967391304347826
0.9021739130434783
0.9021739130434783
0.967391304347826
0.967391304347826
0.16304347826086957
0.3804347826086957
0.967391304347826
0.0
0.9239130434782609
0.9239130434782609
0.967391304347826
0.967391304347826
0.967391304347826
0.8695652173913043
0.9239130434782609
0.9239130434782609
0.8695652173913043
0.0
0.9239130434782609
0.21739130434782608
0.31521739130434784
0.9021739130434783
0.2391304347826087
0.967391304347826
0.9021739130434783
0.9021739130434783
0.967391304347826
0.967391304347826
0.8695652173913043
0.9239130434782609
0.9239130434782609
0.9130434782608695
0.8695652173913043
0.967391304347826
0.5543478260869565
0.5760869565217391
0.967391304347826
0.2391304347826087
0.9239130434782609
0.0
0.967391304347826
0.9021739130434783
0.9021739130434783
0.9021739130434783
0.9021739130434783
0.967391304347826
0.967391304347826
0.9456521739130435
0.9239130434782609
0.3804347826086957
0.44565217391304346
0.5434782608695652
0.2391304347826087
0.967391304347826
0.967391304347826
0.0
0.967391304347826
0.967741935483871
0.9032258064516129
0.967741935483871
0.9032258064516129
0.9032258064516129
0.967741935483871
0.967741935483871
0.41935483870967744
0.0
0.967741935483871
0.5483870967741935
0.9247311827956989
0.9247311827956989
0.967741935483871
0.967741935483871
0.967741935483871
0.8709677419354839
0.9247311827956989
0.9247311827956989
0.8709677419354839
0.0
0.9247311827956989
0.3333333333333333
0.3118279569892473
0.9032258064516129
0.5053763440860215
0.967741935483871
0.9032258064516129
0.9032258064516129
0.967741935483871
0.967741935483871
0.8709677419354839
0.9247311827956989
0.9247311827956989
0.9139784946236559
0.8709677419354839
0.967741935483871
0.5591397849462365
0.3548387096774194
0.967741935483871
0.6559139784946236
0.9247311827956989
0.0
0.967741935483871
0.9032258064516129
0.9032258064516129
0.9032258064516129
0.9032258064516129
0.967741935483871
0.967741935483871
0.946236559139785
0.9247311827956989
0.22580645161290322
0.3118279569892473
0.41935483870967744
0.41935483870967744
0.967741935483871
0.967741935483871
0.0
0.967741935483871
0.9680851063829787
0.9042553191489362
0.9680851063829787
0.9042553191489362
0.9042553191489362
0.9680851063829787
0.9680851063829787
0.4148936170212766
0.0
0.9680851063829787
0.5425531914893617
0.925531914893617
0.925531914893617
0.9680851063829787
0.9680851063829787
0.9680851063829787
0.8723404255319149
0.925531914893617
0.925531914893617
0.8723404255319149
0.0
0.925531914893617
0.32978723404255317
0.30851063829787234
0.9042553191489362
0.5
0.9680851063829787
0.9042553191489362
0.9042553191489362
0.9680851063829787
0.9680851063829787
0.8723404255319149
0.925531914893617
0.925531914893617
0.9148936170212766
0.8723404255319149
0.9680851063829787
0.5638297872340425
0.35106382978723405
0.9680851063829787
0.648936170212766
0.925531914893617
0.0
0.9680851063829787
0.9042553191489362
0.9042553191489362
0.9042553191489362
0.9042553191489362
0.9680851063829787
0.9680851063829787
0.9468085106382979
0.925531914893617
0.22340425531914893
0.30851063829787234
0.4148936170212766
0.4148936170212766
0.9680851063829787
0.9680851063829787
0.0
0.9680851063829787
0.968421052631579
0.9052631578947369
0.968421052631579
0.9052631578947369
0.9052631578947369
0.968421052631579
0.968421052631579
0.0
0.21052631578947367
0.968421052631579
0.16842105263157894
0.9263157894736842
0.9263157894736842
0.968421052631579
0.968421052631579
0.968421052631579
0.8736842105263158
0.9263157894736842
0.9263157894736842
0.8736842105263158
0.0
0.9263157894736842
0.3368421052631579
0.23157894736842105
0.9052631578947369
0.21052631578947367
0.968421052631579
0.9052631578947369
0.9052631578947369
0.968421052631579
0.968421052631579
0.8736842105263158
0.9263157894736842
0.9263157894736842
0.9157894736842105
0.8736842105263158
0.968421052631579
0.3368421052631579
0.5789473684210527
0.968421052631579
0.6526315789473685
0.9263157894736842
0.0
0.968421052631579
0.9052631578947369
0.9052631578947369
0.9052631578947369
0.9052631578947369
0.968421052631579
0.968421052631579
0.9473684210526315
0.9263157894736842
0.3368421052631579
0.4421052631578947
0.42105263157894735
0.42105263157894735
0.968421052631579
0.968421052631579
0.0
0.968421052631579
0.96875
0.90625
0.96875
0.90625
0.90625
0.96875
0.96875
0.4270833333333333
0.0
0.96875
0.5520833333333334
0.9270833333333334
0.9270833333333334
0.96875
0.96875
0.96875
0.875
0.9270833333333334
0.9270833333333334
0.875
0.0
0.9270833333333334
0.34375
0.3229166666666667
0.90625
0.5104166666666666
0.96875
0.90625
0.90625
0.96875
0.96875
0.875
0.9270833333333334
0.9270833333333334
0.9166666666666666
0.875
0.96875
0.5729166666666666
0.3645833333333333
0.96875
0.65625
0.9270833333333334
0.0
0.96875
0.90625
0.90625
0.90625
0.90625
0.96875
0.96875
0.9479166666666666
0.9270833333333334
0.23958333333333334
0.3229166666666667
0.4270833333333333
0.4270833333333333
0.96875
0.96875
0.0
0.96875
0.9690721649484536
0.0
0.9690721649484536
0.061855670103092786
0.020618556701030927
0.9690721649484536
0.9690721649484536
0.16494845360824742
0.061855670103092786
0.9690721649484536
0.17525773195876287
0.9278350515463918
0.9278350515463918
0.9690721649484536
0.9690721649484536
0.9690721649484536
0.020618556701030927
0.9278350515463918
0.9278350515463918
0.09278350515463918
0.0
0.9278350515463918
0.020618556701030927
0.061855670103092786
0.061855670103092786
0.5051546391752577
0.9690721649484536
0.061855670103092786
0.020618556701030927
0.9690721649484536
0.9690721649484536
0.020618556701030927
0.9278350515463918
0.9278350515463918
0.05154639175257732
0.05154639175257732
0.9690721649484536
0.061855670103092786
0.5773195876288659
0.9690721649484536
0.020618556701030927
0.9278350515463918
0.0
0.9690721649484536
0.061855670103092786
0.061855670103092786
0.020618556701030927
0.020618556701030927
0.9690721649484536
0.9690721649484536
0.020618556701030927
0.9278350515463918
0.020618556701030927
0.16494845360824742
0.5360824742268041
0.28865979381443296
0.9690721649484536
0.9690721649484536
0.0
0.9690721649484536
0.9693877551020408
0.9081632653061225
0.9693877551020408
0.9081632653061225
0.9081632653061225
0.9693877551020408
0.9693877551020408
0.42857142857142855
0.0
0.9693877551020408
0.5510204081632653
0.9285714285714286
0.9285714285714286
0.9693877551020408
0.9693877551020408
0.9693877551020408
0.8775510204081632
0.9285714285714286
0.9285714285714286
0.8775510204081632
0.0
0.9285714285714286
0.3469387755102041
0.32653061224489793
0.9081632653061225
0.5102040816326531
0.9693877551020408
0.9081632653061225
0.9081632653061225
0.9693877551020408
0.9693877551020408
0.8775510204081632
0.9285714285714286
0.9285714285714286
0.9183673469387755
0.8775510204081632
0.9693877551020408
0.5714285714285714
0.3673469387755102
0.9693877551020408
0.6632653061224489
0.9285714285714286
0.0
0.9693877551020408
0.9081632653061225
0.9081632653061225
0.9081632653061225
0.9081632653061225
0.9693877551020408
0.9693877551020408
0.9489795918367347
0.9285714285714286
0.24489795918367346
0.32653061224489793
0.4387755102040816
0.4387755102040816
0.9693877551020408
0.9693877551020408
0.0
0.9693877551020408
0.9696969696969697
0.04040404040404041
0.9696969696969697
0.0707070707070707
0.0
0.9696969696969697
0.9696969696969697
0.04040404040404041
0.0707070707070707
0.9696969696969697
0.18181818181818182
0.04040404040404041
0.04040404040404041
0.9696969696969697
0.9696969696969697
0.9696969696969697
0.04040404040404041
0.04040404040404041
0.04040404040404041
0.10101010101010101
0.0
0.04040404040404041
0.04040404040404041
0.0707070707070707
0.0707070707070707
0.5151515151515151
0.9696969696969697
0.0707070707070707
0.04040404040404041
0.9696969696969697
0.9696969696969697
0.04040404040404041
0.04040404040404041
0.04040404040404041
0.9090909090909091
0.04040404040404041
0.9696969696969697
0.0707070707070707
0.36363636363636365
0.9696969696969697
0.04040404040404041
0.0
0.04040404040404041
0.9696969696969697
0.0707070707070707
0.0707070707070707
0.04040404040404041
0.04040404040404041
0.9696969696969697
0.9696969696969697
0.9393939393939394
0.04040404040404041
0.36363636363636365
0.04040404040404041
0.5353535353535354
0.29292929292929293
0.9696969696969697
0.9696969696969697
0.0
0.9696969696969697
0.97
0.9
0.97
0.9
0.9
0.97
0.97
0.43
0.0
0.97
0.55
0.93
0.93
0.97
0.97
0.97
0.87
0.93
0.93
0.87
0.0
0.93
0.35
0.33
0.9
0.52
0.97
0.9
0.9
0.97
0.97
0.87
0.93
0.93
0.91
0.87
0.97
0.57
0.37
0.97
0.66
0.93
0.0
0.97
0.9
0.9
0.9
0.9
0.97
0.97
0.94
0.93
0.25
0.33
0.44
0.44
0.97
0.97
0.0
0.97
