0.0352341243848
0.0245628631846
0.0290657684034
0.0273043371982
0.0324840456012
0.0355308236067
0.0271401626097
0.0381949248216
0.0366552595805
0.0247344295753
0.0339666290892
0.0266241007848
0.0339922341367
0.0358181776641
0.0257023728923
0.0265606139089
0.0250270704685
0.0289568765366
0.0398426204579
0.039391199272
0.0310140820539
0.0321839884861
0.0298172330191
0.045598733037
0.0299093239438
0.0270048317154
0.0301310136257
0.0265062512561
0.0417879954207
0.0316743055688
0.0416688374696
0.0283005601296
0.0379236851275
0.0324571890772
0.0284343565794
0.0269034735425
0.0454530246234
0.0260720107271
0.0284059331484
0.0265369652702
0.038567178122
0.0302936930548
0.0343787564733
0.0263970103108
0.0292247862064
0.038848533075
0.0392491254495
0.0237505746679
0.0403738726077
0.0392154537489
0.0349879878411
0.0357430509148
0.0254228904217
0.024402145384
0.034476198942
0.0292057435671
0.029832474299
0.0230902967316
0.0286930912723
0.0343538874493
0.0336794338934
0.0293552641879
0.035843464274
0.0288156160164
0.0303530762509
0.0384091774654
0.0293244658655
0.0308746995085
0.0355842220428
0.0426394162139
0.0325321386619
0.0292629593489
0.0272872138242
0.034755508481
0.0331860576307
0.0290951577594
0.0254587873867
0.0308055945677
0.0266001714703
0.0568972980499
0.0358298751932
0.035710962247
0.0306773439201
0.031343134649
0.0332091288608
0.027519459703
0.0402484288067
0.0362387262265
0.0317849017995
0.0269604330051
0.0314609357105
0.0237610518495
0.0287175545441
0.0354544037261
0.0452706004973
0.0279752823547
0.0354896343431
0.0333425960649
0.0275303477874
0.0255994724883
