- - - 2 
- - - 1 
1 15 1 1
2 16 2 2
- - - 3 
7 5 6 4
16 17 2 2
- - - 2 
15 16 1 1
16 5 1 1
3 15 3 3
- - - 1 
1 15 1 1
4 5 4 3
17 5 2 2
2 16 2 2
15 16 1 1
- - - 1 
16 5 1 1
16 17 2 2
- - - 2 
1 15 1 1
- - - 4 
- - - 2 
6 5 5 4
15 16 1 1
16 5 1 1
17 5 2 2
4 5 4 3
- - - 1 
1 15 1 1
15 16 1 1
3 15 3 3
6 5 5 4
2 16 2 2
16 17 2 2
- - - 3 
- - - 2 
16 5 1 1
- - - 1 
- - - 1 
1 15 1 1
- - - 4 
17 5 2 2
- - - 2 
2 16 2 2
15 16 1 1
16 5 1 1
16 17 2 2
- - - 3 
1 15 1 1
- - - 1 
- - - 1 
15 16 1 1
7 5 6 4
3 15 3 3
17 5 2 2
16 5 1 1
4 5 4 3
- - - 1 
