- - - 3 
1 10 1 1
- - - 1 
9 5 4 3
- - - 1 
10 11 1 1
6 13 3 2
- - - 1 
11 5 1 1
4 12 2 2
1 10 1 1
12 5 2 2
10 11 1 1
- - - 1 
13 5 3 2
6 13 3 2
7 5 5 3
- - - 2 
11 5 1 1
- - - 2 
1 10 1 1
- - - 1 
4 12 2 2
12 5 2 2
10 11 1 1
- - - 1 
- - - 1 
- - - 1 
13 5 3 2
11 5 1 1
6 13 3 2
1 10 1 1
- - - 2 
7 5 5 3
10 11 1 1
- - - 2 
13 5 3 2
9 5 4 3
11 5 1 1
- - - 3 
4 12 2 2
7 5 5 3
- - - 2 
12 5 2 2
9 5 4 3
1 10 1 1
10 11 1 1
- - - 1 
- - - 3 
11 5 1 1
6 13 3 2
13 5 3 2
- - - 2 
1 10 1 1
- - - 2 
4 12 2 2
12 5 2 2
10 11 1 1
11 5 1 1
- - - 2 
