0.32256937494558474
0.28786728593000377
0.28035538399540444
0.27691241225246943
0.3320316050195932
0.3322733197436875
0.2914474315834179
0.3214266913449679
0.32265502596388257
0.2961927490120892
0.2974109782211341
0.282629959493071
0.25290445039496057
0.32570994104376
0.4640596566441811
0.30224629577025874
0.43375665654473267
0.27440145673236566
0.33321514249863005
0.30860679005163505
0.2972652844279287
0.3216337247829511
0.32041829669701244
0.324210894890181
0.3148646384337002
0.31472601955759427
0.32236540471105857
0.3260461964650349
0.33930212355603157
0.2856115703522776
0.33029310971610654
0.33257597586110094
0.3017432374023956
0.3008458091937936
0.3739290951304916
0.29329797215512454
0.2981081425746952
0.34694622670079855
0.2804021755144082
0.31583388719901934
0.259557395011584
0.35380233989590393
0.31367326692328584
0.2947816613649539
0.3049289833454599
0.4726042863647685
0.3197325859276877
0.36828237103225486
0.3282909058956203
0.3036324037999591
0.32579337225478494
0.3779310291818256
0.3141554777814922
0.345117109775326
0.3499071683793975
0.30774976595164827
0.4875112645526862
0.2699828701590621
0.316872405614413
0.28799956323131054
0.29487995598136985
0.25762500309179825
0.3627647667064925
0.31884368777020505
0.3093559169757905
0.3135459917850233
0.3345923302630875
0.3259844029164888
0.3164979043964191
0.3116182404249338
0.31934967415235616
0.2791086424885339
0.25474975743866385
0.30899294474329314
0.3396516015752567
0.3527863753371134
0.32214570758871464
0.3675905537792346
0.28720928529750445
0.27371838611103544
0.2821286291461341
0.3021333271699802
0.28416500169966413
0.3190772005893403
0.3082627260963772
0.29440599314702964
0.28251414130831065
0.33013702575620385
0.3157741264962647
0.3203930537601003
0.29703013501227493
0.27206708469918583
0.32293622329181665
0.2804557810824626
0.2857485272674952
0.2872485043364193
0.3124423537204463
0.31009332556979474
0.3022500294214609
0.31100260233556465
