0.4360089771666554
0.37457951359883707
0.531440968103644
0.3913455973434709
0.3930183859546923
0.3983815770142341
0.39974466637802153
0.37453799987179176
0.44611836128620475
0.40263236432836297
0.39845298944921076
0.4256450485441376
0.5360898798563617
0.37994046339068166
0.4168262007580214
0.3991997124722101
0.41624299811442395
0.41046438130881735
0.3715394820399112
0.4269630106967023
0.4193936339130124
0.34672963971059423
0.4251250091445355
0.39341179851812386
0.3679188277916245
0.36766604956789556
0.40539939492589594
0.40209416650287144
0.42304018137504634
0.37581199795776105
0.4365875062943606
0.42287551240841614
0.3539749751399992
0.3835216597256737
0.4190271460570782
0.4371472415911482
0.361049731359699
0.30813420389730967
0.38548846094841904
0.41955397901226993
0.4073703900423733
0.4005848747647778
0.37231439155981927
0.39208117597966236
0.5190739582052512
0.3846517926536605
0.3729862772545933
0.4135871236297614
0.4855964209520103
0.4099365634233172
0.39015417854145645
0.353127953506649
0.3784972898972899
0.40957706300154395
0.41124285412378725
0.4512855179094867
0.3587383588440886
0.3562454886900374
0.41229351753145427
0.3873746402809029
0.41927325794905107
0.4166213102439565
0.4080371864361629
0.37100360143858124
0.3579260056467691
0.38287460382020794
0.36608318247017857
0.457416117314784
0.42093229848593766
0.3804812343481149
0.3730182694921927
0.4267046124520751
0.3990932889132251
0.41376896441030103
0.40861538155238764
0.4608602554310474
0.35209298571389375
0.3908587448660124
0.4143369459374485
0.38019254831645016
0.433844424722431
0.3662986065066224
0.3709357631538953
0.38536399845050606
0.3908916653440747
0.39913019660740334
0.4043465404137848
0.38388439956676995
0.45871258107325646
0.3577061124972278
0.380677405814021
0.3656952300597774
0.3992962715563267
0.4685354192384074
0.4315329415016239
0.38634642085115417
0.41105878485216496
0.3958154364048427
0.40829363507924954
0.35066143758101403
