0.9902334708296431
0.9998269757178299
1.0059079929080024
1.027792127780844
0.9908377299060045
0.9998816764285388
1.0271182816963123
1.0329794823241583
0.9839584783964399
0.9999646765886918
0.9839996580115383
0.9848114420316076
0.9685970722416406
1.0010117298288472
1.0173676380189138
0.9849843255137971
1.0068185941243872
0.9926731352512764
0.969933629239659
0.9904019124902711
0.999046495058568
1.0062023676877603
1.007464356325141
0.9850191455096752
1.0211136714755114
0.9898840750499313
0.9851664369973265
1.0067850468530235
0.9905611607247397
0.9899916800381091
1.010929729190538
0.9669168131001705
0.9725821216621104
0.9895825762433238
0.9738294030245294
0.9991898171859883
1.0064201304601812
1.0101234509003523
0.9684606981767127
0.9901102962733836
1.0051363160848819
1.0169343444114873
1.0168180271922784
1.0009461376604485
0.9836711258271169
1.021538242180137
1.016436362444438
0.9698146057254302
0.9841704613812161
0.9886861513513714
1.0082817749685355
0.9894037521661212
1.0043737417332406
1.0089868863714013
1.0158382895018971
0.9833373346266787
0.9827836413889085
0.9704337102994376
0.9743039146134603
0.9906093311607103
1.022084934089631
1.0072497465166146
0.9894399363021181
0.9903282901174453
0.9901283188566551
1.009083517870669
0.984261885314065
1.004885735246603
0.9855311300284998
0.9741897905111504
1.00661242913137
0.986645722766126
1.0065711292612187
1.0003308416516803
0.9886657078150223
1.005757114973264
0.984358043123198
1.02248826182374
0.9995173013328533
0.9780997296974494
0.9676781086406284
1.0053584316621973
1.0053475549233242
1.0207871146191252
1.0069737363563613
1.010561045023542
0.9742352351634864
0.9905992870033495
0.9678620180483685
1.0065860527329584
1.000589433016346
0.9995364855134166
1.033883360578768
0.9918936100142295
0.9737678365374292
1.0052411359264093
0.968499603273579
1.0288064786775084
0.9744614129346266
0.9844367456088222
1.0434041586106926
1.0248690926564403
1.0357756461694965
1.0441508388407073
1.0442680870023304
1.0420912334147758
1.0691588667560736
1.0259227512956832
1.0256612761825388
1.036015384760096
1.0429682851846285
1.0198868296256691
1.020514354284799
1.0874232784127882
1.0276813610889466
1.0415850487759903
1.040708308568272
1.0200992903470423
1.037279813748315
1.0195383581718647
1.0259975901455431
1.035736349078672
1.0432971455929887
1.1013067724331425
1.036165544717594
1.0203414163440807
1.0424188596744413
1.0361986500544633
1.0371343558874662
1.037883834715079
1.0421482779400437
1.0700367068888799
1.0426454461948493
1.0265562375945134
1.0695008940081234
1.0258404570458912
1.036416166750217
1.0418111883519572
1.0200800618701584
1.0364778780150978
1.042405406851805
1.0208006959554308
1.0596308141210855
1.0355815664989318
1.0369163174411353
1.0427630316952834
1.0358450591397763
1.0363518154997056
1.0199775062690268
1.0196550328674925
1.0359820861571118
1.0423050754582397
1.0367482827230499
1.0526377323138851
1.0863774318980295
1.025096547212729
1.0248504798240448
1.082218483996153
1.0426634488980226
1.020636897115559
1.0439357062502002
1.0245790564878727
1.037615997974393
1.0368548523410517
1.0432715869502682
1.036438264209923
1.0209013891872079
1.0218125068645558
1.025668055532795
1.0201035444907331
1.059627766824013
1.035670679226995
1.0269003367975498
1.0258660174148237
1.0586131622784332
1.0269931019402334
1.0430344652983548
1.0370400571835359
1.042427306603143
1.0202564524120237
1.0440970614444098
1.087939041749162
1.0359057404794332
1.0278644620039339
1.0368194710302798
1.0200589577851225
1.02649341561433
1.0531776073471892
1.0423101332477511
1.018816822121099
1.0197325490966982
1.0373438535587822
1.0262833121518666
1.02714300008691
1.0359277143913355
1.0261135601267735
1.043513682868438
1.0362207038618398
1.036849415131497
1.019894272256421
1.1005435639102805
1.100185038158991
1.0996872763054464
1.1014018548921758
1.1001961099071527
1.1028624347606293
1.102335431240706
1.1022512213183175
1.1018798707183828
1.1002625862024893
1.1012025932975544
1.0998912762360569
1.1397535349455905
1.101506367650727
1.1167421945967577
1.1018003116804176
1.1016307725653793
1.101237348818981
1.100698019460482
1.1006715301754746
1.1004875438731279
1.1009197625384108
1.1018425742023688
1.1011167212923383
1.1232604332992187
1.117403218021985
1.1251019163426794
1.1015137937353543
1.1250810030130405
1.1000187292552825
1.1243706492455927
1.1013504948250867
1.1251399845999936
1.1009399692791042
1.1175189211085954
1.100505079843448
1.1001881894072643
1.1001881059377308
1.1183263261311693
1.1003628152926992
1.0998038486318282
1.101136077679674
1.1025281460142726
1.101561055078871
1.1002772053023846
1.100662861036437
1.1013321881529643
1.1009206378536442
1.1005468910174152
1.1005011580888453
1.100421461249377
1.101876043641295
1.099782699191957
1.100198558667955
1.1186006257650707
1.0999633900116204
1.1002720176375684
1.1007749817699362
1.100160352926191
1.102317352649407
1.1172809192790105
1.101018832856766
1.0998345747239515
1.1407028980601928
1.1239249867158572
1.1006890874705464
1.101390158437885
1.1003935640028306
1.0995500086614478
1.1005646457910863
1.1253606864053072
1.1015466217210403
1.101473931510415
1.117626940725804
1.1419987515083232
1.1007866094215568
1.1013694147207531
1.100201131848599
1.1002714841485335
1.1239665293668701
1.116101234093659
1.101971801997478
1.0998579911795368
1.1002988994130019
1.1017079495108268
1.099840483293384
1.1014662698097852
1.1005081986969805
1.102168329679098
1.1014534398677616
1.1001986337194085
1.1013228635936425
1.1238414467164568
1.1016443603032602
1.1002483326291765
1.124616485551725
1.100920968073056
1.1013327296844082
1.0996593121932416
1.1002246226700858
1.1499638225698383
1.1512451429086754
1.1513283214271666
1.1507264395218584
1.1512203341637626
1.1500773535713134
1.1509955112928147
1.149850233110906
1.1508006885470616
1.1508618155878425
1.1498901071300274
1.150972160202871
1.1508761020200635
1.1507218103286654
1.1739905343579742
1.1507829128622402
1.1496722099971366
1.1498080338801568
1.1501501843455781
1.1507084099438016
1.1515190962683621
1.150867408288594
1.1747630319738775
1.1498301966703541
1.1746391933730767
1.1505730022425014
1.150270588805732
1.1524137217682393
1.1508376618704865
1.1500951822431722
1.1503457782123792
1.150953245739216
1.1726802675553907
1.1500796194649947
1.1508046251581046
1.1735380823833113
1.1492574475060353
1.1514081164327024
1.150575086974276
1.1497777193815544
1.1506573878521549
1.1500744039768602
1.1728297536749777
1.1515485568296002
1.1511680183099502
1.1495564094293025
1.1495077415550654
1.1527310110632076
1.1514970380308114
1.1517049805261508
1.150890839944161
1.149793550411646
1.1498313468804897
1.1737598496489376
1.151742372355751
1.150273212168313
1.1498485621790735
1.1501043646892068
1.150207925383748
1.1525491469292142
1.1493369269670854
1.1509615754015918
1.1506488036540163
1.1505280096054882
1.150350925695298
1.1513951552750674
1.1513948309403008
1.1504206362598608
1.1498944663746407
1.1516783009511495
1.150457204881455
1.1494259834145446
1.1732931154012938
1.149737129304533
1.173180856556683
1.1521067757680152
1.1735298160330372
1.1510553160324168
1.1503061350555948
1.1515054252012207
1.1516143540146941
1.1496078078769116
1.1491873288221157
1.1504376980627775
1.1509090426709432
1.17545108573053
1.1515471531390888
1.174488218269891
1.1514242371819021
1.1499500257844524
1.1513028692777116
1.1746961695753482
1.1515540994011844
1.1501189753288388
1.1490951425081157
1.151161386757698
1.150073398049268
1.1486905646490198
1.1494870565513655
1.1504899627442997
