0
0
0
0
0
0
0
0
0
0
0
0
0
0
0
0
0
0
0
0
0
0
0
0
0
0
0
0
0
0
0
0
0
0
0
0
0
0
0
0
0
0
0
0
0
0
0
0
0
0
0
0
0
0
0
0
0
0
0
0
0.0
0.0
0.0
0.0
0.0
0.0
0.0
0.0
0.0
0.0
0.0
0.0
0.0
0.0
0.0
0.0
0.0
0.0
0.0
0.0
0.0
0.0
0.0
0.0
0.0
0.0
0.0
0.0
0.0
0.0
0.0
0.0
0.0
0.0
0.0
0.0
0.0
0.0
0.0
0.0
0.0
0.0
0.0
0.0
0.0
0.0
0.0
0.0
0.0
0.0
0.0
0.0
0.0
0.0
0.0
0.0
0.0
0.0
0.0
0.0
0.0
0.0
0.0
0.0
0.0
0.0
0.0
0.0
0.0
0.0
0.0
0.0
0.0
0.0
0.0
0.0
0.0
0.0
0.0
0.0
0.0
0.0
0.0
0.0
0.0
0.0
0.0
0.0
0.0
0.0
0.0
0.0
0.0
0.0
0.0
0.0
0.0
0.0
0.0
0.0
0.0
0.0
0.0
0.0
0.0
0.0
0.0
0.0
0.0
0.0
0.0
0.0
0.0
0.0
0.0
0.0
0.0
0.0
0.0
0.0
0.25
0.25
0.25
0.0
0.25
0.25
0.0
0.0
0.0
0.0
0.0
0.0
0.0
0.0
0.0
0.0
0.25
0.25
0.0
0.0
0.0
0.0
0.0
0.0
0.0
0.0
0.0
0.0
0.0
0.0
0.0
0.0
0.0
0.0
0.0
0.25
0.0
0.0
0.0
0.0
0.0
0.0
0.0
0.0
0.0
0.0
0.25
0.25
0.0
0.0
0.0
0.25
0.25
0.0
0.0
0.0
0.0
0.25
0.0
0.25
0.4
0.4
0.4
0.0
0.0
0.0
0.0
0.0
0.0
0.2
0.0
0.0
0.2
0.0
0.2
0.2
0.4
0.0
0.0
0.0
0.0
0.0
0.0
0.0
0.0
0.0
0.0
0.0
0.0
0.0
0.0
0.0
0.0
0.0
0.0
0.0
0.4
0.0
0.0
0.0
0.0
0.0
0.0
0.0
0.0
0.0
0.4
0.4
0.0
0.4
0.0
0.0
0.0
0.0
0.0
0.0
0.0
0.4
0.0
0.4
0.0
0.0
0.0
0.0
0.0
0.0
0.0
0.0
0.0
0.16666666666666666
0.0
0.0
0.0
0.0
0.0
0.0
0.0
0.0
0.0
0.16666666666666666
0.3333333333333333
0.3333333333333333
0.0
0.0
0.0
0.0
0.0
0.0
0.0
0.0
0.0
0.0
0.0
0.16666666666666666
0.16666666666666666
0.0
0.0
0.0
0.0
0.16666666666666666
0.0
0.0
0.0
0.0
0.0
0.0
0.0
0.0
0.0
0.0
0.16666666666666666
0.0
0.0
0.3333333333333333
0.0
0.0
0.0
0.0
0.0
0.0
0.5714285714285714
0.5714285714285714
0.5714285714285714
0.2857142857142857
0.42857142857142855
0.42857142857142855
0.2857142857142857
0.14285714285714285
0.14285714285714285
0.0
0.0
0.14285714285714285
0.42857142857142855
0.0
0.0
0.0
0.5714285714285714
0.42857142857142855
0.14285714285714285
0.0
0.2857142857142857
0.2857142857142857
0.14285714285714285
0.14285714285714285
0.14285714285714285
0.14285714285714285
0.14285714285714285
0.14285714285714285
0.0
0.0
0.0
0.14285714285714285
0.0
0.0
0.14285714285714285
0.42857142857142855
0.42857142857142855
0.2857142857142857
0.0
0.2857142857142857
0.0
0.0
0.14285714285714285
0.14285714285714285
0.14285714285714285
0.14285714285714285
0.5714285714285714
0.5714285714285714
0.14285714285714285
0.0
0.14285714285714285
0.2857142857142857
0.42857142857142855
0.0
0.14285714285714285
0.2857142857142857
0.2857142857142857
0.5714285714285714
0.0
0.5714285714285714
0.5
0.5
0.0
0.125
0.0
0.0
0.0
0.0
0.0
0.0
0.0
0.125
0.0
0.0
0.0
0.375
0.5
0.375
0.125
0.25
0.375
0.375
0.125
0.125
0.25
0.25
0.0
0.125
0.0
0.0
0.0
0.125
0.0
0.25
0.125
0.125
0.0
0.0
0.0
0.0
0.0
0.0
0.0
0.125
0.0
0.125
0.0
0.0
0.125
0.0
0.0
0.0
0.0
0.0
0.25
0.25
0.25
0.5
0.0
0.5
0.5555555555555556
0.5555555555555556
0.5555555555555556
0.3333333333333333
0.4444444444444444
0.4444444444444444
0.3333333333333333
0.2222222222222222
0.2222222222222222
0.0
0.2222222222222222
0.2222222222222222
0.4444444444444444
0.2222222222222222
0.1111111111111111
0.3333333333333333
0.5555555555555556
0.4444444444444444
0.1111111111111111
0.1111111111111111
0.4444444444444444
0.4444444444444444
0.2222222222222222
0.2222222222222222
0.2222222222222222
0.2222222222222222
0.2222222222222222
0.2222222222222222
0.0
0.2222222222222222
0.0
0.1111111111111111
0.0
0.2222222222222222
0.1111111111111111
0.4444444444444444
0.1111111111111111
0.1111111111111111
0.0
0.2222222222222222
0.2222222222222222
0.2222222222222222
0.2222222222222222
0.2222222222222222
0.1111111111111111
0.2222222222222222
0.5555555555555556
0.5555555555555556
0.2222222222222222
0.1111111111111111
0.1111111111111111
0.3333333333333333
0.4444444444444444
0.1111111111111111
0.2222222222222222
0.3333333333333333
0.3333333333333333
0.5555555555555556
0.0
0.5555555555555556
0.6
0.6
0.5
0.3
0.4
0.0
0.1
0.2
0.1
0.2
0.0
0.0
0.4
0.1
0.0
0.1
0.6
0.5
0.2
0.1
0.5
0.0
0.0
0.2
0.0
0.2
0.0
0.2
0.0
0.1
0.0
0.1
0.0
0.1
0.0
0.0
0.1
0.1
0.0
0.1
0.0
0.1
0.0
0.0
0.1
0.2
0.5
0.5
0.2
0.0
0.0
0.1
0.4
0.1
0.0
0.4
0.4
0.6
0.0
0.6
0.6363636363636364
0.6363636363636364
0.09090909090909091
0.18181818181818182
0.09090909090909091
0.45454545454545453
0.0
0.0
0.0
0.0
0.2727272727272727
0.09090909090909091
0.0
0.0
0.09090909090909091
0.0
0.6363636363636364
0.5454545454545454
0.0
0.2727272727272727
0.5454545454545454
0.5454545454545454
0.18181818181818182
0.18181818181818182
0.2727272727272727
0.2727272727272727
0.09090909090909091
0.0
0.09090909090909091
0.0
0.09090909090909091
0.09090909090909091
0.09090909090909091
0.09090909090909091
0.18181818181818182
0.18181818181818182
0.0
0.0
0.0
0.09090909090909091
0.0
0.2727272727272727
0.09090909090909091
0.18181818181818182
0.09090909090909091
0.09090909090909091
0.5454545454545454
0.09090909090909091
0.36363636363636365
0.09090909090909091
0.0
0.0
0.0
0.18181818181818182
0.36363636363636365
0.0
0.18181818181818182
0.6363636363636364
0.0
0.6363636363636364
0.6666666666666666
0.6666666666666666
0.5833333333333334
0.16666666666666666
0.0
0.0
0.16666666666666666
0.08333333333333333
0.16666666666666666
0.25
0.08333333333333333
0.0
0.5
0.0
0.0
0.08333333333333333
0.6666666666666666
0.5833333333333334
0.0
0.25
0.5833333333333334
0.08333333333333333
0.08333333333333333
0.25
0.0
0.3333333333333333
0.08333333333333333
0.25
0.0
0.08333333333333333
0.0
0.08333333333333333
0.0
0.16666666666666666
0.16666666666666666
0.08333333333333333
0.0
0.08333333333333333
0.0
0.16666666666666666
0.25
0.25
0.0
0.0
0.0
0.16666666666666666
0.5833333333333334
0.5833333333333334
0.25
0.25
0.08333333333333333
0.08333333333333333
0.08333333333333333
0.16666666666666666
0.16666666666666666
0.5
0.5
0.6666666666666666
0.0
0.6666666666666666
0.6923076923076923
0.6923076923076923
0.15384615384615385
0.23076923076923078
0.07692307692307693
0.0
0.15384615384615385
0.0
0.07692307692307693
0.07692307692307693
0.07692307692307693
0.0
0.0
0.0
0.0
0.0
0.6923076923076923
0.6153846153846154
0.0
0.0
0.0
0.07692307692307693
0.07692307692307693
0.07692307692307693
0.07692307692307693
0.3076923076923077
0.15384615384615385
0.23076923076923078
0.07692307692307693
0.0
0.0
0.15384615384615385
0.15384615384615385
0.15384615384615385
0.23076923076923078
0.23076923076923078
0.07692307692307693
0.0
0.0
0.23076923076923078
0.07692307692307693
0.0
0.15384615384615385
0.0
0.0
0.15384615384615385
0.0
0.07692307692307693
0.38461538461538464
0.15384615384615385
0.07692307692307693
0.07692307692307693
0.0
0.23076923076923078
0.38461538461538464
0.46153846153846156
0.46153846153846156
0.6923076923076923
0.0
0.6923076923076923
0.07142857142857142
0.0
0.07142857142857142
0.0
0.07142857142857142
0.0
0.21428571428571427
0.0
0.21428571428571427
0.07142857142857142
0.07142857142857142
0.0
0.0
0.07142857142857142
0.07142857142857142
0.35714285714285715
0.0
0.0
0.21428571428571427
0.35714285714285715
0.6428571428571429
0.0
0.21428571428571427
0.07142857142857142
0.21428571428571427
0.2857142857142857
0.0
0.0
0.14285714285714285
0.0
0.0
0.0
0.0
0.0
0.14285714285714285
0.0
0.0
0.21428571428571427
0.07142857142857142
0.0
0.0
0.0
0.0
0.0
0.21428571428571427
0.0
0.0
0.0
0.0
0.07142857142857142
0.21428571428571427
0.0
0.07142857142857142
0.0
0.07142857142857142
0.0
0.0
0.0
0.0
0.0
0.7333333333333333
0.7333333333333333
0.2
0.3333333333333333
0.13333333333333333
0.06666666666666667
0.0
0.06666666666666667
0.13333333333333333
0.06666666666666667
0.0
0.13333333333333333
0.06666666666666667
0.06666666666666667
0.13333333333333333
0.3333333333333333
0.7333333333333333
0.6666666666666666
0.2
0.3333333333333333
0.6
0.4666666666666667
0.2
0.3333333333333333
0.26666666666666666
0.3333333333333333
0.06666666666666667
0.3333333333333333
0.13333333333333333
0.0
0.06666666666666667
0.2
0.2
0.26666666666666666
0.26666666666666666
0.26666666666666666
0.06666666666666667
0.06666666666666667
0.0
0.3333333333333333
0.06666666666666667
0.06666666666666667
0.06666666666666667
0.2
0.06666666666666667
0.26666666666666666
0.06666666666666667
0.13333333333333333
0.4
0.2
0.0
0.13333333333333333
0.06666666666666667
0.06666666666666667
0.4
0.5333333333333333
0.5333333333333333
0.7333333333333333
0.0
0.7333333333333333
0.6875
0.6875
0.5
0.3125
0.125
0.0625
0.3125
0.125
0.1875
0.25
0.0625
0.0625
0.4375
0.0
0.125
0.375
0.6875
0.0625
0.0625
0.0
0.0625
0.0625
0.0625
0.125
0.125
0.375
0.25
0.3125
0.0625
0.1875
0.0
0.25
0.0
0.1875
0.25
0.25
0.25
0.125
0.0625
0.0625
0.25
0.3125
0.1875
0.1875
0.0
0.25
0.5625
0.5
0.25
0.25
0.1875
0.125
0.125
0.0625
0.375
0.5
0.5
0.6875
0.0
0.6875
0.0
0.7058823529411765
0.11764705882352941
0.35294117647058826
0.11764705882352941
0.35294117647058826
0.058823529411764705
0.058823529411764705
0.17647058823529413
0.11764705882352941
0.23529411764705882
0.11764705882352941
0.0
0.0
0.17647058823529413
0.0
0.7058823529411765
0.6470588235294118
0.058823529411764705
0.058823529411764705
0.0
0.11764705882352941
0.11764705882352941
0.0
0.29411764705882354
0.0
0.058823529411764705
0.0
0.17647058823529413
0.0
0.0
0.23529411764705882
0.058823529411764705
0.17647058823529413
0.0
0.11764705882352941
0.0
0.17647058823529413
0.058823529411764705
0.35294117647058826
0.058823529411764705
0.11764705882352941
0.11764705882352941
0.058823529411764705
0.23529411764705882
0.23529411764705882
0.5294117647058824
0.0
0.4117647058823529
0.058823529411764705
0.11764705882352941
0.058823529411764705
0.0
0.23529411764705882
0.4117647058823529
0.0
0.17647058823529413
0.0
0.0
0.7058823529411765
0.7222222222222222
0.7222222222222222
0.5
0.2777777777777778
0.3333333333333333
0.3333333333333333
0.2222222222222222
0.2222222222222222
0.2222222222222222
0.1111111111111111
0.05555555555555555
0.16666666666666666
0.4444444444444444
0.1111111111111111
0.0
0.1111111111111111
0.7222222222222222
0.6111111111111112
0.2222222222222222
0.1111111111111111
0.6111111111111112
0.4444444444444444
0.16666666666666666
0.16666666666666666
0.2222222222222222
0.2777777777777778
0.16666666666666666
0.16666666666666666
0.0
0.1111111111111111
0.0
0.1111111111111111
0.0
0.16666666666666666
0.16666666666666666
0.2777777777777778
0.2777777777777778
0.2222222222222222
0.0
0.16666666666666666
0.05555555555555555
0.05555555555555555
0.1111111111111111
0.1111111111111111
0.1111111111111111
0.2222222222222222
0.5555555555555556
0.5
0.3888888888888889
0.05555555555555555
0.2222222222222222
0.2222222222222222
0.3333333333333333
0.16666666666666666
0.16666666666666666
0.5555555555555556
0.5555555555555556
0.7222222222222222
0.0
0.7222222222222222
0.6842105263157895
0.7368421052631579
0.47368421052631576
0.42105263157894735
0.0
0.05263157894736842
0.3157894736842105
0.15789473684210525
0.2631578947368421
0.2631578947368421
0.10526315789473684
0.0
0.42105263157894735
0.10526315789473684
0.05263157894736842
0.0
0.7368421052631579
0.631578947368421
0.10526315789473684
0.3684210526315789
0.5789473684210527
0.15789473684210525
0.10526315789473684
0.3157894736842105
0.0
0.2631578947368421
0.10526315789473684
0.3684210526315789
0.0
0.10526315789473684
0.0
0.0
0.0
0.2631578947368421
0.0
0.05263157894736842
0.15789473684210525
0.21052631578947367
0.0
0.3684210526315789
0.05263157894736842
0.15789473684210525
0.15789473684210525
0.0
0.0
0.2631578947368421
0.5789473684210527
0.47368421052631576
0.0
0.10526315789473684
0.05263157894736842
0.15789473684210525
0.3157894736842105
0.15789473684210525
0.05263157894736842
0.5263157894736842
0.5263157894736842
0.6842105263157895
0.0
0.7368421052631579
0.7
0.75
0.5
0.3
0.35
0.0
0.3
0.25
0.25
0.1
0.0
0.15
0.45
0.15
0.0
0.1
0.75
0.65
0.25
0.15
0.6
0.15
0.1
0.3
0.3
0.0
0.1
0.35
0.0
0.15
0.0
0.0
0.0
0.25
0.05
0.0
0.3
0.25
0.0
0.2
0.1
0.05
0.05
0.05
0.25
0.0
0.6
0.5
0.45
0.15
0.25
0.0
0.35
0.2
0.1
0.0
0.55
0.7
0.0
0.75
0.7142857142857143
0.7619047619047619
0.5238095238095238
0.2857142857142857
0.3333333333333333
0.38095238095238093
0.23809523809523808
0.23809523809523808
0.23809523809523808
0.0
0.23809523809523808
0.19047619047619047
0.47619047619047616
0.14285714285714285
0.09523809523809523
0.38095238095238093
0.7619047619047619
0.6666666666666666
0.19047619047619047
0.09523809523809523
0.6190476190476191
0.42857142857142855
0.19047619047619047
0.19047619047619047
0.23809523809523808
0.3333333333333333
0.19047619047619047
0.19047619047619047
0.0
0.19047619047619047
0.0
0.23809523809523808
0.0
0.23809523809523808
0.09523809523809523
0.2857142857142857
0.19047619047619047
0.23809523809523808
0.0
0.14285714285714285
0.23809523809523808
0.2857142857142857
0.14285714285714285
0.14285714285714285
0.09523809523809523
0.3333333333333333
0.6190476190476191
0.5238095238095238
0.42857142857142855
0.09523809523809523
0.14285714285714285
0.23809523809523808
0.38095238095238093
0.23809523809523808
0.42857142857142855
0.5714285714285714
0.5714285714285714
0.7142857142857143
0.0
0.7619047619047619
0.7272727272727273
0.7727272727272727
0.5454545454545454
0.3181818181818182
0.36363636363636365
0.36363636363636365
0.22727272727272727
0.09090909090909091
0.045454545454545456
0.2727272727272727
0.22727272727272727
0.0
0.5
0.13636363636363635
0.13636363636363635
0.36363636363636365
0.7727272727272727
0.6818181818181818
0.2727272727272727
0.09090909090909091
0.6363636363636364
0.4090909090909091
0.22727272727272727
0.36363636363636365
0.3181818181818182
0.09090909090909091
0.09090909090909091
0.09090909090909091
0.0
0.09090909090909091
0.0
0.09090909090909091
0.0
0.09090909090909091
0.13636363636363635
0.2727272727272727
0.3181818181818182
0.2727272727272727
0.0
0.22727272727272727
0.045454545454545456
0.09090909090909091
0.13636363636363635
0.13636363636363635
0.045454545454545456
0.09090909090909091
0.6363636363636364
0.5454545454545454
0.09090909090909091
0.22727272727272727
0.045454545454545456
0.09090909090909091
0.4090909090909091
0.13636363636363635
0.045454545454545456
0.09090909090909091
0.18181818181818182
0.7272727272727273
0.0
0.7727272727272727
0.7391304347826086
0.782608695652174
0.5652173913043478
0.0
0.391304347826087
0.391304347826087
0.043478260869565216
0.08695652173913043
0.0
0.08695652173913043
0.0
0.17391304347826086
0.043478260869565216
0.043478260869565216
0.13043478260869565
0.391304347826087
0.782608695652174
0.6956521739130435
0.2608695652173913
0.08695652173913043
0.6521739130434783
0.43478260869565216
0.21739130434782608
0.34782608695652173
0.30434782608695654
0.08695652173913043
0.08695652173913043
0.08695652173913043
0.0
0.0
0.08695652173913043
0.08695652173913043
0.0
0.08695652173913043
0.13043478260869565
0.30434782608695654
0.30434782608695654
0.2608695652173913
0.0
0.21739130434782608
0.08695652173913043
0.08695652173913043
0.21739130434782608
0.13043478260869565
0.043478260869565216
0.043478260869565216
0.6521739130434783
0.5652173913043478
0.08695652173913043
0.21739130434782608
0.0
0.2608695652173913
0.43478260869565216
0.13043478260869565
0.043478260869565216
0.08695652173913043
0.17391304347826086
0.7391304347826086
0.0
0.782608695652174
0.08333333333333333
0.0
0.125
0.041666666666666664
0.125
0.041666666666666664
0.3333333333333333
0.08333333333333333
0.25
0.125
0.08333333333333333
0.041666666666666664
0.041666666666666664
0.08333333333333333
0.08333333333333333
0.4166666666666667
0.041666666666666664
0.041666666666666664
0.2916666666666667
0.3333333333333333
0.6666666666666666
0.041666666666666664
0.25
0.08333333333333333
0.25
0.3333333333333333
0.041666666666666664
0.0
0.16666666666666666
0.0
0.041666666666666664
0.041666666666666664
0.08333333333333333
0.041666666666666664
0.16666666666666666
0.041666666666666664
0.0
0.2916666666666667
0.08333333333333333
0.041666666666666664
0.041666666666666664
0.041666666666666664
0.041666666666666664
0.041666666666666664
0.25
0.041666666666666664
0.041666666666666664
0.041666666666666664
0.041666666666666664
0.08333333333333333
0.25
0.041666666666666664
0.08333333333333333
0.041666666666666664
0.125
0.0
0.041666666666666664
0.041666666666666664
0.0
0.041666666666666664
0.0
0.8
0.12
0.36
0.12
0.44
0.0
0.0
0.28
0.12
0.28
0.2
0.08
0.04
0.16
0.04
0.8
0.72
0.0
0.0
0.68
0.0
0.28
0.08
0.24
0.32
0.04
0.0
0.16
0.0
0.04
0.0
0.08
0.16
0.2
0.12
0.0
0.24
0.08
0.32
0.12
0.0
0.24
0.0
0.24
0.0
0.0
0.04
0.16
0.28
0.0
0.08
0.08
0.04
0.4
0.0
0.24
0.0
0.0
0.8
0.7307692307692307
0.7692307692307693
0.15384615384615385
0.34615384615384615
0.0
0.038461538461538464
0.34615384615384615
0.11538461538461539
0.11538461538461539
0.11538461538461539
0.07692307692307693
0.038461538461538464
0.0
0.0
0.0
0.038461538461538464
0.7692307692307693
0.6923076923076923
0.0
0.0
0.6923076923076923
0.46153846153846156
0.3076923076923077
0.38461538461538464
0.34615384615384615
0.34615384615384615
0.19230769230769232
0.34615384615384615
0.11538461538461539
0.0
0.038461538461538464
0.19230769230769232
0.15384615384615385
0.2692307692307692
0.23076923076923078
0.23076923076923078
0.038461538461538464
0.0
0.0
0.3076923076923077
0.0
0.11538461538461539
0.23076923076923078
0.19230769230769232
0.0
0.23076923076923078
0.0
0.11538461538461539
0.0
0.15384615384615385
0.0
0.11538461538461539
0.07692307692307693
0.07692307692307693
0.38461538461538464
0.5
0.5384615384615384
0.7307692307692307
0.0
0.7692307692307693
0.7037037037037037
0.7777777777777778
0.5555555555555556
0.37037037037037035
0.1111111111111111
0.07407407407407407
0.3333333333333333
0.14814814814814814
0.2962962962962963
0.25925925925925924
0.07407407407407407
0.07407407407407407
0.48148148148148145
0.0
0.18518518518518517
0.4444444444444444
0.7777777777777778
0.07407407407407407
0.1111111111111111
0.0
0.07407407407407407
0.07407407407407407
0.07407407407407407
0.1111111111111111
0.1111111111111111
0.37037037037037035
0.18518518518518517
0.3333333333333333
0.07407407407407407
0.18518518518518517
0.0
0.18518518518518517
0.0
0.25925925925925924
0.2222222222222222
0.2222222222222222
0.3333333333333333
0.1111111111111111
0.07407407407407407
0.07407407407407407
0.2222222222222222
0.25925925925925924
0.14814814814814814
0.18518518518518517
0.0
0.2222222222222222
0.6296296296296297
0.5555555555555556
0.18518518518518517
0.2962962962962963
0.14814814814814814
0.14814814814814814
0.1111111111111111
0.07407407407407407
0.4074074074074074
0.48148148148148145
0.5185185185185185
0.7037037037037037
0.0
0.7777777777777778
0.7142857142857143
0.7857142857142857
0.17857142857142858
0.39285714285714285
0.10714285714285714
0.07142857142857142
0.35714285714285715
0.14285714285714285
0.0
0.0
0.10714285714285714
0.07142857142857142
0.0
0.07142857142857142
0.03571428571428571
0.07142857142857142
0.7857142857142857
0.7142857142857143
0.03571428571428571
0.03571428571428571
0.0
0.07142857142857142
0.10714285714285714
0.10714285714285714
0.10714285714285714
0.39285714285714285
0.21428571428571427
0.35714285714285715
0.0
0.17857142857142858
0.0
0.21428571428571427
0.0
0.17857142857142858
0.25
0.25
0.32142857142857145
0.10714285714285714
0.0
0.14285714285714285
0.21428571428571427
0.10714285714285714
0.07142857142857142
0.03571428571428571
0.0
0.0
0.03571428571428571
0.0
0.0
0.0
0.14285714285714285
0.14285714285714285
0.10714285714285714
0.21428571428571427
0.42857142857142855
0.5
0.5357142857142857
0.7142857142857143
0.0
0.7857142857142857
0.7241379310344828
0.7931034482758621
0.1724137931034483
0.41379310344827586
0.13793103448275862
0.10344827586206896
0.3793103448275862
0.13793103448275862
0.0
0.0
0.10344827586206896
0.06896551724137931
0.0
0.06896551724137931
0.034482758620689655
0.06896551724137931
0.7931034482758621
0.6896551724137931
0.034482758620689655
0.034482758620689655
0.0
0.06896551724137931
0.10344827586206896
0.13793103448275862
0.13793103448275862
0.41379310344827586
0.2413793103448276
0.3793103448275862
0.0
0.20689655172413793
0.0
0.2413793103448276
0.0
0.1724137931034483
0.27586206896551724
0.27586206896551724
0.3448275862068966
0.13793103448275862
0.0
0.13793103448275862
0.2413793103448276
0.10344827586206896
0.06896551724137931
0.034482758620689655
0.0
0.0
0.034482758620689655
0.0
0.0
0.0
0.1724137931034483
0.13793103448275862
0.13793103448275862
0.20689655172413793
0.4482758620689655
0.5172413793103449
0.5517241379310345
0.7241379310344828
0.0
0.7931034482758621
0.7333333333333333
0.8
0.5333333333333333
0.3
0.36666666666666664
0.4
0.23333333333333334
0.23333333333333334
0.23333333333333334
0.1
0.06666666666666667
0.16666666666666666
0.4666666666666667
0.13333333333333333
0.0
0.1
0.8
0.7
0.3
0.13333333333333333
0.6666666666666666
0.43333333333333335
0.16666666666666666
0.16666666666666666
0.26666666666666666
0.26666666666666666
0.16666666666666666
0.16666666666666666
0.0
0.16666666666666666
0.0
0.1
0.0
0.2
0.13333333333333333
0.3
0.36666666666666664
0.3
0.0
0.23333333333333334
0.06666666666666667
0.13333333333333333
0.26666666666666666
0.13333333333333333
0.1
0.26666666666666666
0.6
0.5333333333333333
0.36666666666666664
0.16666666666666666
0.23333333333333334
0.23333333333333334
0.4
0.2
0.13333333333333333
0.5333333333333333
0.5666666666666667
0.7333333333333333
0.0
0.8
0.7419354838709677
0.8064516129032258
0.5161290322580645
0.2903225806451613
0.3548387096774194
0.0
0.41935483870967744
0.22580645161290322
0.2903225806451613
0.16129032258064516
0.03225806451612903
0.1935483870967742
0.45161290322580644
0.12903225806451613
0.03225806451612903
0.0967741935483871
0.8064516129032258
0.7096774193548387
0.2903225806451613
0.12903225806451613
0.6451612903225806
0.16129032258064516
0.12903225806451613
0.3548387096774194
0.3225806451612903
0.03225806451612903
0.12903225806451613
0.41935483870967744
0.0
0.16129032258064516
0.0
0.0967741935483871
0.0
0.2903225806451613
0.06451612903225806
0.03225806451612903
0.3870967741935484
0.2903225806451613
0.0
0.22580645161290322
0.12903225806451613
0.06451612903225806
0.06451612903225806
0.06451612903225806
0.25806451612903225
0.03225806451612903
0.5806451612903226
0.5161290322580645
0.3548387096774194
0.16129032258064516
0.22580645161290322
0.03225806451612903
0.3870967741935484
0.1935483870967742
0.12903225806451613
0.03225806451612903
0.5806451612903226
0.7419354838709677
0.0
0.8064516129032258
0.09375
0.03125
0.15625
0.03125
0.15625
0.03125
0.03125
0.0
0.03125
0.09375
0.09375
0.1875
0.0
0.09375
0.09375
0.03125
0.03125
0.03125
0.09375
0.28125
0.65625
0.4375
0.03125
0.03125
0.03125
0.4375
0.0
0.03125
0.1875
0.03125
0.0625
0.03125
0.03125
0.1875
0.21875
0.125
0.03125
0.03125
0.09375
0.1875
0.03125
0.0625
0.03125
0.03125
0.25
0.0
0.03125
0.0625
0.1875
0.09375
0.25
0.03125
0.09375
0.15625
0.125
0.0
0.03125
0.03125
0.0
0.03125
0.7575757575757576
0.8181818181818182
0.5454545454545454
0.42424242424242425
0.030303030303030304
0.030303030303030304
0.42424242424242425
0.15151515151515152
0.30303030303030304
0.24242424242424243
0.09090909090909091
0.030303030303030304
0.48484848484848486
0.09090909090909091
0.0
0.12121212121212122
0.8181818181818182
0.7272727272727273
0.09090909090909091
0.2727272727272727
0.6666666666666666
0.18181818181818182
0.15151515151515152
0.36363636363636365
0.030303030303030304
0.2727272727272727
0.2727272727272727
0.42424242424242425
0.0
0.09090909090909091
0.0
0.2727272727272727
0.0
0.30303030303030304
0.15151515151515152
0.12121212121212122
0.030303030303030304
0.18181818181818182
0.0
0.30303030303030304
0.2727272727272727
0.24242424242424243
0.030303030303030304
0.06060606060606061
0.030303030303030304
0.24242424242424243
0.6060606060606061
0.5454545454545454
0.18181818181818182
0.2727272727272727
0.21212121212121213
0.15151515151515152
0.18181818181818182
0.24242424242424243
0.15151515151515152
0.5454545454545454
0.6060606060606061
0.7575757575757576
0.0
0.8181818181818182
0.7352941176470589
0.7941176470588235
0.20588235294117646
0.4117647058823529
0.029411764705882353
0.058823529411764705
0.4117647058823529
0.17647058823529413
0.11764705882352941
0.17647058823529413
0.14705882352941177
0.058823529411764705
0.029411764705882353
0.0
0.0
0.11764705882352941
0.7941176470588235
0.7058823529411765
0.029411764705882353
0.08823529411764706
0.6764705882352942
0.4411764705882353
0.29411764705882354
0.35294117647058826
0.3235294117647059
0.4411764705882353
0.2647058823529412
0.4117647058823529
0.11764705882352941
0.0
0.058823529411764705
0.2647058823529412
0.14705882352941177
0.29411764705882354
0.29411764705882354
0.29411764705882354
0.058823529411764705
0.029411764705882353
0.0
0.29411764705882354
0.029411764705882353
0.11764705882352941
0.2647058823529412
0.20588235294117646
0.029411764705882353
0.23529411764705882
0.029411764705882353
0.11764705882352941
0.029411764705882353
0.14705882352941177
0.0
0.17647058823529413
0.11764705882352941
0.11764705882352941
0.4411764705882353
0.5294117647058824
0.5882352941176471
0.7352941176470589
0.0
0.7941176470588235
0.7428571428571429
0.8
0.2
0.42857142857142855
0.17142857142857143
0.14285714285714285
0.42857142857142855
0.17142857142857143
0.0
0.0
0.14285714285714285
0.11428571428571428
0.05714285714285714
0.11428571428571428
0.08571428571428572
0.11428571428571428
0.8
0.7142857142857143
0.11428571428571428
0.08571428571428572
0.05714285714285714
0.11428571428571428
0.14285714285714285
0.17142857142857143
0.17142857142857143
0.42857142857142855
0.2857142857142857
0.42857142857142855
0.05714285714285714
0.22857142857142856
0.0
0.2857142857142857
0.0
0.22857142857142856
0.2857142857142857
0.2857142857142857
0.4
0.2
0.05714285714285714
0.2
0.2857142857142857
0.17142857142857143
0.11428571428571428
0.08571428571428572
0.0
0.05714285714285714
0.08571428571428572
0.05714285714285714
0.05714285714285714
0.05714285714285714
0.22857142857142856
0.17142857142857143
0.2
0.22857142857142856
0.42857142857142855
0.5428571428571428
0.6
0.7428571428571429
0.0
0.8
0.75
0.8055555555555556
0.2222222222222222
0.4444444444444444
0.08333333333333333
0.05555555555555555
0.0
0.05555555555555555
0.1388888888888889
0.19444444444444445
0.0
0.08333333333333333
0.08333333333333333
0.1111111111111111
0.1388888888888889
0.3611111111111111
0.8055555555555556
0.7222222222222222
0.1388888888888889
0.3055555555555556
0.6944444444444444
0.4444444444444444
0.3055555555555556
0.3888888888888889
0.3333333333333333
0.4444444444444444
0.05555555555555555
0.4444444444444444
0.1388888888888889
0.0
0.08333333333333333
0.16666666666666666
0.16666666666666666
0.19444444444444445
0.3055555555555556
0.3055555555555556
0.05555555555555555
0.05555555555555555
0.0
0.3333333333333333
0.08333333333333333
0.1111111111111111
0.05555555555555555
0.2222222222222222
0.05555555555555555
0.2777777777777778
0.05555555555555555
0.1388888888888889
0.3611111111111111
0.16666666666666666
0.0
0.19444444444444445
0.1388888888888889
0.05555555555555555
0.4444444444444444
0.5555555555555556
0.6111111111111112
0.75
0.0
0.8055555555555556
0.7567567567567568
0.8108108108108109
0.24324324324324326
0.4594594594594595
0.1891891891891892
0.08108108108108109
0.4594594594594595
0.21621621621621623
0.13513513513513514
0.10810810810810811
0.1891891891891892
0.0
0.05405405405405406
0.0
0.0
0.16216216216216217
0.8108108108108109
0.7297297297297297
0.13513513513513514
0.02702702702702703
0.0
0.13513513513513514
0.16216216216216217
0.1891891891891892
0.1891891891891892
0.4594594594594595
0.32432432432432434
0.4594594594594595
0.13513513513513514
0.0
0.08108108108108109
0.32432432432432434
0.16216216216216217
0.32432432432432434
0.32432432432432434
0.32432432432432434
0.05405405405405406
0.05405405405405406
0.0
0.32432432432432434
0.05405405405405406
0.02702702702702703
0.2702702702702703
0.08108108108108109
0.0
0.2702702702702703
0.02702702702702703
0.13513513513513514
0.35135135135135137
0.16216216216216217
0.24324324324324326
0.21621621621621623
0.13513513513513514
0.13513513513513514
0.4594594594594595
0.5675675675675675
0.6216216216216216
0.7567567567567568
0.0
0.8108108108108109
0.10526315789473684
0.05263157894736842
0.15789473684210525
0.05263157894736842
0.15789473684210525
0.05263157894736842
0.05263157894736842
0.0
0.05263157894736842
0.10526315789473684
0.10526315789473684
0.21052631578947367
0.0
0.10526315789473684
0.10526315789473684
0.05263157894736842
0.05263157894736842
0.05263157894736842
0.13157894736842105
0.3157894736842105
0.6842105263157895
0.4473684210526316
0.05263157894736842
0.05263157894736842
0.05263157894736842
0.47368421052631576
0.0
0.05263157894736842
0.18421052631578946
0.05263157894736842
0.07894736842105263
0.05263157894736842
0.05263157894736842
0.21052631578947367
0.21052631578947367
0.15789473684210525
0.05263157894736842
0.05263157894736842
0.10526315789473684
0.21052631578947367
0.05263157894736842
0.10526315789473684
0.05263157894736842
0.05263157894736842
0.2631578947368421
0.0
0.05263157894736842
0.07894736842105263
0.21052631578947367
0.10526315789473684
0.2631578947368421
0.05263157894736842
0.10526315789473684
0.15789473684210525
0.15789473684210525
0.0
0.05263157894736842
0.05263157894736842
0.0
0.05263157894736842
0.10256410256410256
0.0
0.15384615384615385
0.05128205128205128
0.15384615384615385
0.05128205128205128
0.46153846153846156
0.23076923076923078
0.20512820512820512
0.1282051282051282
0.10256410256410256
0.1282051282051282
0.05128205128205128
0.10256410256410256
0.10256410256410256
0.358974358974359
0.05128205128205128
0.05128205128205128
0.28205128205128205
0.3076923076923077
0.6666666666666666
0.05128205128205128
0.3076923076923077
0.10256410256410256
0.23076923076923078
0.48717948717948717
0.07692307692307693
0.0
0.1794871794871795
0.0
0.07692307692307693
0.05128205128205128
0.10256410256410256
0.05128205128205128
0.20512820512820512
0.05128205128205128
0.0
0.28205128205128205
0.10256410256410256
0.05128205128205128
0.07692307692307693
0.05128205128205128
0.1282051282051282
0.05128205128205128
0.2564102564102564
0.05128205128205128
0.05128205128205128
0.05128205128205128
0.05128205128205128
0.10256410256410256
0.2564102564102564
0.05128205128205128
0.10256410256410256
0.07692307692307693
0.15384615384615385
0.0
0.05128205128205128
0.05128205128205128
0.0
0.05128205128205128
0.75
0.8
0.475
0.275
0.325
0.325
0.2
0.225
0.2
0.0
0.2
0.15
0.425
0.125
0.075
0.35
0.8
0.725
0.175
0.075
0.675
0.45
0.15
0.15
0.225
0.25
0.15
0.15
0.0
0.225
0.0
0.175
0.0
0.225
0.075
0.25
0.125
0.175
0.0
0.225
0.275
0.225
0.125
0.125
0.075
0.225
0.525
0.475
0.375
0.075
0.1
0.2
0.35
0.225
0.475
0.575
0.625
0.75
0.0
0.8
0.7317073170731707
0.7804878048780488
0.4634146341463415
0.4634146341463415
0.1951219512195122
0.14634146341463414
0.4634146341463415
0.14634146341463414
0.2682926829268293
0.21951219512195122
0.07317073170731707
0.07317073170731707
0.4146341463414634
0.0
0.14634146341463414
0.36585365853658536
0.7804878048780488
0.07317073170731707
0.0975609756097561
0.0
0.07317073170731707
0.07317073170731707
0.07317073170731707
0.1951219512195122
0.1951219512195122
0.5121951219512195
0.3170731707317073
0.4634146341463415
0.07317073170731707
0.21951219512195122
0.0
0.3170731707317073
0.0
0.3170731707317073
0.34146341463414637
0.34146341463414637
0.36585365853658536
0.1951219512195122
0.07317073170731707
0.07317073170731707
0.2682926829268293
0.21951219512195122
0.12195121951219512
0.21951219512195122
0.0
0.2926829268292683
0.5121951219512195
0.4634146341463415
0.21951219512195122
0.24390243902439024
0.24390243902439024
0.14634146341463414
0.1951219512195122
0.14634146341463414
0.4634146341463415
0.5609756097560976
0.6097560975609756
0.7317073170731707
0.0
0.7804878048780488
0.14285714285714285
0.07142857142857142
0.19047619047619047
0.07142857142857142
0.19047619047619047
0.07142857142857142
0.07142857142857142
0.0
0.07142857142857142
0.11904761904761904
0.14285714285714285
0.21428571428571427
0.0
0.14285714285714285
0.14285714285714285
0.07142857142857142
0.07142857142857142
0.07142857142857142
0.14285714285714285
0.3333333333333333
0.6904761904761905
0.4523809523809524
0.07142857142857142
0.07142857142857142
0.07142857142857142
0.5
0.0
0.07142857142857142
0.21428571428571427
0.07142857142857142
0.09523809523809523
0.07142857142857142
0.07142857142857142
0.23809523809523808
0.23809523809523808
0.16666666666666666
0.07142857142857142
0.07142857142857142
0.14285714285714285
0.23809523809523808
0.07142857142857142
0.11904761904761904
0.07142857142857142
0.07142857142857142
0.2857142857142857
0.0
0.07142857142857142
0.09523809523809523
0.21428571428571427
0.14285714285714285
0.2857142857142857
0.07142857142857142
0.14285714285714285
0.16666666666666666
0.19047619047619047
0.0
0.07142857142857142
0.07142857142857142
0.0
0.07142857142857142
0.7441860465116279
0.7906976744186046
0.4883720930232558
0.46511627906976744
0.0
0.046511627906976744
0.46511627906976744
0.16279069767441862
0.27906976744186046
0.23255813953488372
0.09302325581395349
0.023255813953488372
0.4418604651162791
0.09302325581395349
0.046511627906976744
0.046511627906976744
0.7906976744186046
0.6976744186046512
0.09302325581395349
0.32558139534883723
0.6744186046511628
0.16279069767441862
0.13953488372093023
0.3488372093023256
0.023255813953488372
0.2558139534883721
0.11627906976744186
0.46511627906976744
0.0
0.16279069767441862
0.0
0.09302325581395349
0.0
0.32558139534883723
0.023255813953488372
0.046511627906976744
0.13953488372093023
0.18604651162790697
0.0
0.32558139534883723
0.046511627906976744
0.11627906976744186
0.2558139534883721
0.023255813953488372
0.023255813953488372
0.23255813953488372
0.5348837209302325
0.4883720930232558
0.023255813953488372
0.16279069767441862
0.046511627906976744
0.16279069767441862
0.3488372093023256
0.20930232558139536
0.046511627906976744
0.5813953488372093
0.627906976744186
0.7441860465116279
0.0
0.7906976744186046
0.7272727272727273
0.7727272727272727
0.25
0.45454545454545453
0.20454545454545456
0.09090909090909091
0.45454545454545453
0.22727272727272727
0.1590909090909091
0.09090909090909091
0.18181818181818182
0.06818181818181818
0.0
0.09090909090909091
0.09090909090909091
0.1590909090909091
0.7727272727272727
0.6818181818181818
0.0
0.045454545454545456
0.022727272727272728
0.13636363636363635
0.1590909090909091
0.20454545454545456
0.20454545454545456
0.5227272727272727
0.3181818181818182
0.45454545454545453
0.1590909090909091
0.0
0.0
0.3181818181818182
0.18181818181818182
0.20454545454545456
0.3409090909090909
0.3409090909090909
0.06818181818181818
0.022727272727272728
0.06818181818181818
0.3181818181818182
0.11363636363636363
0.045454545454545456
0.13636363636363635
0.09090909090909091
0.0
0.29545454545454547
0.045454545454545456
0.1590909090909091
0.36363636363636365
0.18181818181818182
0.25
0.22727272727272727
0.022727272727272728
0.22727272727272727
0.4772727272727273
0.5681818181818182
0.6136363636363636
0.7272727272727273
0.0
0.7727272727272727
0.7333333333333333
0.7777777777777778
0.4888888888888889
0.4666666666666667
0.0
0.06666666666666667
0.4666666666666667
0.17777777777777778
0.28888888888888886
0.24444444444444444
0.1111111111111111
0.044444444444444446
0.4444444444444444
0.1111111111111111
0.06666666666666667
0.06666666666666667
0.7777777777777778
0.6888888888888889
0.1111111111111111
0.35555555555555557
0.6888888888888889
0.17777777777777778
0.15555555555555556
0.35555555555555557
0.044444444444444446
0.26666666666666666
0.13333333333333333
0.4666666666666667
0.0
0.17777777777777778
0.0
0.1111111111111111
0.0
0.3333333333333333
0.044444444444444446
0.06666666666666667
0.15555555555555556
0.2
0.0
0.3333333333333333
0.06666666666666667
0.13333333333333333
0.26666666666666666
0.044444444444444446
0.044444444444444446
0.24444444444444444
0.5333333333333333
0.4888888888888889
0.044444444444444446
0.17777777777777778
0.06666666666666667
0.17777777777777778
0.35555555555555557
0.2222222222222222
0.06666666666666667
0.5777777777777777
0.6222222222222222
0.7333333333333333
0.0
0.7777777777777778
0.7391304347826086
0.782608695652174
0.2608695652173913
0.4782608695652174
0.08695652173913043
0.06521739130434782
0.0
0.06521739130434782
0.17391304347826086
0.17391304347826086
0.0
0.08695652173913043
0.08695652173913043
0.13043478260869565
0.13043478260869565
0.3695652173913043
0.782608695652174
0.6956521739130435
0.17391304347826086
0.34782608695652173
0.6739130434782609
0.43478260869565216
0.2826086956521739
0.34782608695652173
0.2826086956521739
0.5217391304347826
0.06521739130434782
0.4782608695652174
0.17391304347826086
0.0
0.08695652173913043
0.17391304347826086
0.1956521739130435
0.2391304347826087
0.34782608695652173
0.34782608695652173
0.06521739130434782
0.08695652173913043
0.0
0.34782608695652173
0.08695652173913043
0.13043478260869565
0.06521739130434782
0.21739130434782608
0.06521739130434782
0.30434782608695654
0.06521739130434782
0.17391304347826086
0.3695652173913043
0.1956521739130435
0.0
0.2391304347826087
0.15217391304347827
0.06521739130434782
0.4782608695652174
0.5869565217391305
0.6304347826086957
0.7391304347826086
0.0
0.782608695652174
0.7446808510638298
0.7872340425531915
0.2553191489361702
0.48936170212765956
0.0851063829787234
0.06382978723404255
0.0
0.06382978723404255
0.1702127659574468
0.1702127659574468
0.0
0.0851063829787234
0.0851063829787234
0.1276595744680851
0.1276595744680851
0.3617021276595745
0.7872340425531915
0.7021276595744681
0.1702127659574468
0.3617021276595745
0.6808510638297872
0.425531914893617
0.2765957446808511
0.3617021276595745
0.2765957446808511
0.5106382978723404
0.06382978723404255
0.48936170212765956
0.1702127659574468
0.0
0.0851063829787234
0.1702127659574468
0.19148936170212766
0.23404255319148937
0.3404255319148936
0.3404255319148936
0.06382978723404255
0.0851063829787234
0.0
0.3617021276595745
0.0851063829787234
0.14893617021276595
0.06382978723404255
0.2127659574468085
0.06382978723404255
0.2978723404255319
0.06382978723404255
0.1702127659574468
0.3617021276595745
0.19148936170212766
0.0
0.23404255319148937
0.14893617021276595
0.06382978723404255
0.46808510638297873
0.5957446808510638
0.6382978723404256
0.7446808510638298
0.0
0.7872340425531915
0.14583333333333334
0.0
0.1875
0.0625
0.1875
0.0625
0.4791666666666667
0.22916666666666666
0.20833333333333334
0.125
0.14583333333333334
0.125
0.0625
0.14583333333333334
0.14583333333333334
0.375
0.0625
0.0625
0.25
0.375
0.6875
0.0625
0.2916666666666667
0.10416666666666667
0.22916666666666666
0.5208333333333334
0.08333333333333333
0.0
0.20833333333333334
0.0
0.08333333333333333
0.0625
0.10416666666666667
0.0625
0.22916666666666666
0.0625
0.0
0.25
0.14583333333333334
0.0625
0.08333333333333333
0.0625
0.125
0.0625
0.2708333333333333
0.0625
0.0625
0.0625
0.0625
0.14583333333333334
0.2708333333333333
0.0625
0.14583333333333334
0.08333333333333333
0.1875
0.0
0.0625
0.0625
0.0
0.0625
0.0
0.7959183673469388
0.1836734693877551
0.5102040816326531
0.1836734693877551
0.2857142857142857
0.04081632653061224
0.08163265306122448
0.2857142857142857
0.12244897959183673
0.1836734693877551
0.20408163265306123
0.02040816326530612
0.0
0.16326530612244897
0.0
0.7959183673469388
0.7142857142857143
0.10204081632653061
0.08163265306122448
0.02040816326530612
0.1836734693877551
0.16326530612244897
0.02040816326530612
0.30612244897959184
0.02040816326530612
0.14285714285714285
0.02040816326530612
0.20408163265306123
0.0
0.02040816326530612
0.20408163265306123
0.10204081632653061
0.32653061224489793
0.061224489795918366
0.16326530612244897
0.061224489795918366
0.20408163265306123
0.08163265306122448
0.3877551020408163
0.04081632653061224
0.1836734693877551
0.2653061224489796
0.08163265306122448
0.2653061224489796
0.24489795918367346
0.5102040816326531
0.04081632653061224
0.3877551020408163
0.1836734693877551
0.10204081632653061
0.061224489795918366
0.02040816326530612
0.22448979591836735
0.4897959183673469
0.02040816326530612
0.14285714285714285
0.0
0.0
0.7959183673469388
0.74
0.78
0.28
0.5
0.2
0.14
0.48
0.24
0.0
0.0
0.18
0.14
0.06
0.16
0.1
0.16
0.78
0.7
0.14
0.1
0.06
0.14
0.16
0.2
0.2
0.54
0.3
0.5
0.06
0.22
0.0
0.3
0.0
0.2
0.36
0.36
0.32
0.18
0.06
0.22
0.26
0.14
0.14
0.1
0.0
0.06
0.08
0.06
0.06
0.06
0.24
0.26
0.18
0.22
0.48
0.6
0.64
0.74
0.0
0.78
0.7254901960784313
0.7843137254901961
0.45098039215686275
0.23529411764705882
0.27450980392156865
0.0784313725490196
0.47058823529411764
0.19607843137254902
0.29411764705882354
0.23529411764705882
0.11764705882352941
0.0
0.4117647058823529
0.11764705882352941
0.0784313725490196
0.0784313725490196
0.7843137254901961
0.7058823529411765
0.2549019607843137
0.11764705882352941
0.6862745098039216
0.19607843137254902
0.1568627450980392
0.37254901960784315
0.0196078431372549
0.2549019607843137
0.1568627450980392
0.49019607843137253
0.0
0.17647058823529413
0.0
0.058823529411764705
0.0
0.3333333333333333
0.0196078431372549
0.0784313725490196
0.1568627450980392
0.21568627450980393
0.0
0.39215686274509803
0.0784313725490196
0.09803921568627451
0.058823529411764705
0.058823529411764705
0.29411764705882354
0.2549019607843137
0.5098039215686274
0.45098039215686275
0.21568627450980393
0.0196078431372549
0.0784313725490196
0.058823529411764705
0.3333333333333333
0.21568627450980393
0.0784313725490196
0.5882352941176471
0.6274509803921569
0.7254901960784313
0.0
0.7843137254901961
0.7307692307692307
0.7884615384615384
0.28846153846153844
0.5192307692307693
0.038461538461538464
0.09615384615384616
0.4807692307692308
0.25
0.19230769230769232
0.19230769230769232
0.19230769230769232
0.07692307692307693
0.038461538461538464
0.0
0.0
0.17307692307692307
0.7884615384615384
0.7115384615384616
0.038461538461538464
0.11538461538461539
0.6730769230769231
0.4230769230769231
0.3076923076923077
0.36538461538461536
0.3076923076923077
0.5384615384615384
0.3076923076923077
0.5
0.19230769230769232
0.0
0.07692307692307693
0.3076923076923077
0.21153846153846154
0.3269230769230769
0.36538461538461536
0.36538461538461536
0.07692307692307693
0.038461538461538464
0.0
0.38461538461538464
0.038461538461538464
0.09615384615384616
0.2692307692307692
0.23076923076923078
0.038461538461538464
0.3076923076923077
0.038461538461538464
0.19230769230769232
0.038461538461538464
0.21153846153846154
0.0
0.2692307692307692
0.17307692307692307
0.1346153846153846
0.5
0.5961538461538461
0.6346153846153846
0.7307692307692307
0.0
0.7884615384615384
0.1509433962264151
0.07547169811320754
0.20754716981132076
0.07547169811320754
0.20754716981132076
0.07547169811320754
0.07547169811320754
0.0
0.07547169811320754
0.11320754716981132
0.1509433962264151
0.20754716981132076
0.0
0.1509433962264151
0.1509433962264151
0.07547169811320754
0.07547169811320754
0.07547169811320754
0.1509433962264151
0.37735849056603776
0.6792452830188679
0.41509433962264153
0.07547169811320754
0.07547169811320754
0.07547169811320754
0.5283018867924528
0.0
0.07547169811320754
0.22641509433962265
0.07547169811320754
0.09433962264150944
0.07547169811320754
0.07547169811320754
0.24528301886792453
0.22641509433962265
0.16981132075471697
0.07547169811320754
0.07547169811320754
0.1509433962264151
0.22641509433962265
0.07547169811320754
0.11320754716981132
0.07547169811320754
0.07547169811320754
0.3018867924528302
0.0
0.07547169811320754
0.09433962264150944
0.22641509433962265
0.1509433962264151
0.2641509433962264
0.07547169811320754
0.1509433962264151
0.1509433962264151
0.18867924528301888
0.0
0.07547169811320754
0.07547169811320754
0.0
0.07547169811320754
0.7407407407407407
0.7962962962962963
0.2962962962962963
0.5185185185185185
0.05555555555555555
0.1111111111111111
0.5
0.25925925925925924
0.2037037037037037
0.2037037037037037
0.2037037037037037
0.09259259259259259
0.05555555555555555
0.0
0.0
0.18518518518518517
0.7962962962962963
0.7222222222222222
0.05555555555555555
0.12962962962962962
0.6851851851851852
0.42592592592592593
0.3148148148148148
0.3888888888888889
0.3148148148148148
0.5370370370370371
0.3148148148148148
0.5185185185185185
0.2037037037037037
0.0
0.09259259259259259
0.3148148148148148
0.2222222222222222
0.35185185185185186
0.37037037037037035
0.37037037037037035
0.09259259259259259
0.05555555555555555
0.0
0.4074074074074074
0.05555555555555555
0.12962962962962962
0.2777777777777778
0.24074074074074073
0.05555555555555555
0.3148148148148148
0.05555555555555555
0.2037037037037037
0.05555555555555555
0.2222222222222222
0.0
0.2777777777777778
0.18518518518518517
0.14814814814814814
0.5
0.6111111111111112
0.6481481481481481
0.7407407407407407
0.0
0.7962962962962963
0.7272727272727273
0.7818181818181819
0.43636363636363634
0.23636363636363636
0.2727272727272727
0.09090909090909091
0.4909090909090909
0.2
0.2909090909090909
0.23636363636363636
0.12727272727272726
0.0
0.4
0.12727272727272726
0.09090909090909091
0.09090909090909091
0.7818181818181819
0.7090909090909091
0.2545454545454545
0.12727272727272726
0.6909090909090909
0.2
0.16363636363636364
0.38181818181818183
0.03636363636363636
0.2545454545454545
0.16363636363636364
0.509090909090909
0.0
0.18181818181818182
0.0
0.07272727272727272
0.0
0.34545454545454546
0.03636363636363636
0.09090909090909091
0.16363636363636364
0.21818181818181817
0.0
0.4
0.09090909090909091
0.12727272727272726
0.07272727272727272
0.07272727272727272
0.3090909090909091
0.2545454545454545
0.4909090909090909
0.43636363636363634
0.23636363636363636
0.03636363636363636
0.09090909090909091
0.07272727272727272
0.32727272727272727
0.21818181818181817
0.09090909090909091
0.6
0.6363636363636364
0.7272727272727273
0.0
0.7818181818181819
0.7321428571428571
0.7857142857142857
0.30357142857142855
0.5178571428571429
0.19642857142857142
0.125
0.5
0.26785714285714285
0.21428571428571427
0.08928571428571429
0.21428571428571427
0.10714285714285714
0.0
0.125
0.10714285714285714
0.19642857142857142
0.7857142857142857
0.7142857142857143
0.0
0.05357142857142857
0.03571428571428571
0.14285714285714285
0.17857142857142858
0.19642857142857142
0.19642857142857142
0.5535714285714286
0.32142857142857145
0.5178571428571429
0.21428571428571427
0.0
0.0
0.32142857142857145
0.23214285714285715
0.19642857142857142
0.375
0.375
0.07142857142857142
0.03571428571428571
0.08928571428571429
0.4107142857142857
0.10714285714285714
0.05357142857142857
0.125
0.10714285714285714
0.0
0.32142857142857145
0.05357142857142857
0.21428571428571427
0.35714285714285715
0.23214285714285715
0.23214285714285715
0.2857142857142857
0.03571428571428571
0.23214285714285715
0.5
0.6071428571428571
0.6428571428571429
0.7321428571428571
0.0
0.7857142857142857
0.7368421052631579
0.7894736842105263
0.2982456140350877
0.5087719298245614
0.19298245614035087
0.12280701754385964
0.5087719298245614
0.2631578947368421
0.21052631578947367
0.08771929824561403
0.21052631578947367
0.10526315789473684
0.0
0.12280701754385964
0.10526315789473684
0.19298245614035087
0.7894736842105263
0.7192982456140351
0.0
0.05263157894736842
0.03508771929824561
0.14035087719298245
0.17543859649122806
0.19298245614035087
0.19298245614035087
0.543859649122807
0.3157894736842105
0.5263157894736842
0.21052631578947367
0.0
0.0
0.3157894736842105
0.22807017543859648
0.19298245614035087
0.3684210526315789
0.3684210526315789
0.07017543859649122
0.03508771929824561
0.08771929824561403
0.42105263157894735
0.10526315789473684
0.05263157894736842
0.12280701754385964
0.10526315789473684
0.0
0.3157894736842105
0.05263157894736842
0.21052631578947367
0.3508771929824561
0.22807017543859648
0.22807017543859648
0.2807017543859649
0.03508771929824561
0.22807017543859648
0.49122807017543857
0.6140350877192983
0.6491228070175439
0.7368421052631579
0.0
0.7894736842105263
0.7413793103448276
0.7931034482758621
0.43103448275862066
0.5172413793103449
0.034482758620689655
0.034482758620689655
0.5172413793103449
0.15517241379310345
0.29310344827586204
0.2413793103448276
0.13793103448275862
0.034482758620689655
0.39655172413793105
0.13793103448275862
0.0
0.08620689655172414
0.7931034482758621
0.7241379310344828
0.10344827586206896
0.3620689655172414
0.6896551724137931
0.20689655172413793
0.1724137931034483
0.39655172413793105
0.034482758620689655
0.25862068965517243
0.3275862068965517
0.5344827586206896
0.0
0.06896551724137931
0.0
0.3275862068965517
0.0
0.3620689655172414
0.10344827586206896
0.1724137931034483
0.034482758620689655
0.1724137931034483
0.0
0.43103448275862066
0.2413793103448276
0.1896551724137931
0.034482758620689655
0.08620689655172414
0.034482758620689655
0.3275862068965517
0.4827586206896552
0.43103448275862066
0.2413793103448276
0.1896551724137931
0.2413793103448276
0.15517241379310345
0.1724137931034483
0.22413793103448276
0.10344827586206896
0.6206896551724138
0.6551724137931034
0.7413793103448276
0.0
0.7931034482758621
0.7457627118644068
0.7966101694915254
0.423728813559322
0.23728813559322035
0.2711864406779661
0.2542372881355932
0.15254237288135594
0.2033898305084746
0.1864406779661017
0.11864406779661017
0.05084745762711865
0.11864406779661017
0.3898305084745763
0.13559322033898305
0.0
0.0847457627118644
0.7966101694915254
0.7288135593220338
0.2542372881355932
0.13559322033898305
0.6779661016949152
0.423728813559322
0.11864406779661017
0.11864406779661017
0.2033898305084746
0.2542372881355932
0.11864406779661017
0.11864406779661017
0.0
0.1864406779661017
0.0
0.06779661016949153
0.0
0.22033898305084745
0.1016949152542373
0.1864406779661017
0.288135593220339
0.22033898305084745
0.0
0.15254237288135594
0.05084745762711865
0.13559322033898305
0.2711864406779661
0.0847457627118644
0.06779661016949153
0.2542372881355932
0.4745762711864407
0.423728813559322
0.3728813559322034
0.1694915254237288
0.2542372881355932
0.15254237288135594
0.3220338983050847
0.22033898305084745
0.1016949152542373
0.6271186440677966
0.6610169491525424
0.7457627118644068
0.0
0.7966101694915254
0.75
0.8
0.31666666666666665
0.5333333333333333
0.21666666666666667
0.13333333333333333
0.5333333333333333
0.2833333333333333
0.0
0.0
0.23333333333333334
0.13333333333333333
0.06666666666666667
0.15
0.13333333333333333
0.21666666666666667
0.8
0.7333333333333333
0.15
0.13333333333333333
0.06666666666666667
0.16666666666666666
0.2
0.21666666666666667
0.21666666666666667
0.55
0.35
0.55
0.06666666666666667
0.2
0.0
0.35
0.0
0.21666666666666667
0.38333333333333336
0.38333333333333336
0.2833333333333333
0.18333333333333332
0.06666666666666667
0.21666666666666667
0.25
0.13333333333333333
0.13333333333333333
0.13333333333333333
0.0
0.06666666666666667
0.08333333333333333
0.06666666666666667
0.06666666666666667
0.06666666666666667
0.26666666666666666
0.3
0.18333333333333332
0.25
0.5
0.6333333333333333
0.6666666666666666
0.75
0.0
0.8
0.7540983606557377
0.8032786885245902
0.4426229508196721
0.2459016393442623
0.2786885245901639
0.26229508196721313
0.16393442622950818
0.21311475409836064
0.19672131147540983
0.0
0.16393442622950818
0.13114754098360656
0.4098360655737705
0.09836065573770492
0.06557377049180328
0.32786885245901637
0.8032786885245902
0.7377049180327869
0.16393442622950818
0.06557377049180328
0.6885245901639344
0.4262295081967213
0.13114754098360656
0.13114754098360656
0.21311475409836064
0.2786885245901639
0.13114754098360656
0.13114754098360656
0.0
0.19672131147540983
0.0
0.18032786885245902
0.0
0.22950819672131148
0.06557377049180328
0.19672131147540983
0.16393442622950818
0.21311475409836064
0.0
0.21311475409836064
0.2459016393442623
0.19672131147540983
0.09836065573770492
0.09836065573770492
0.06557377049180328
0.26229508196721313
0.4918032786885246
0.4426229508196721
0.3770491803278688
0.06557377049180328
0.09836065573770492
0.16393442622950818
0.32786885245901637
0.2459016393442623
0.4918032786885246
0.639344262295082
0.6721311475409836
0.7540983606557377
0.0
0.8032786885245902
0.14516129032258066
0.08064516129032258
0.1935483870967742
0.0
0.1935483870967742
0.08064516129032258
0.08064516129032258
0.08064516129032258
0.2903225806451613
0.24193548387096775
0.14516129032258066
0.12903225806451613
0.06451612903225806
0.14516129032258066
0.14516129032258066
0.3225806451612903
0.0
0.0
0.0967741935483871
0.14516129032258066
0.6774193548387096
0.41935483870967744
0.20967741935483872
0.08064516129032258
0.0
0.5483870967741935
0.08064516129032258
0.0
0.20967741935483872
0.0
0.08064516129032258
0.016129032258064516
0.11290322580645161
0.0
0.20967741935483872
0.1774193548387097
0.0967741935483871
0.08064516129032258
0.14516129032258066
0.0
0.08064516129032258
0.11290322580645161
0.08064516129032258
0.0
0.2903225806451613
0.0
0.0
0.22580645161290322
0.24193548387096775
0.14516129032258066
0.25806451612903225
0.08064516129032258
0.14516129032258066
0.14516129032258066
0.1774193548387097
0.0
0.08064516129032258
0.08064516129032258
0.0
0.06451612903225806
0.7619047619047619
0.8095238095238095
0.4444444444444444
0.25396825396825395
0.2857142857142857
0.09523809523809523
0.5238095238095238
0.2222222222222222
0.2857142857142857
0.23809523809523808
0.14285714285714285
0.0
0.4126984126984127
0.14285714285714285
0.09523809523809523
0.09523809523809523
0.8095238095238095
0.746031746031746
0.25396825396825395
0.14285714285714285
0.6825396825396826
0.20634920634920634
0.1746031746031746
0.38095238095238093
0.047619047619047616
0.2857142857142857
0.15873015873015872
0.5396825396825397
0.0
0.19047619047619047
0.0
0.07936507936507936
0.0
0.3492063492063492
0.047619047619047616
0.09523809523809523
0.1746031746031746
0.2222222222222222
0.0
0.42857142857142855
0.09523809523809523
0.14285714285714285
0.07936507936507936
0.07936507936507936
0.2857142857142857
0.2698412698412698
0.49206349206349204
0.4444444444444444
0.23809523809523808
0.047619047619047616
0.09523809523809523
0.07936507936507936
0.3333333333333333
0.23809523809523808
0.09523809523809523
0.6507936507936508
0.6825396825396826
0.7619047619047619
0.0
0.8095238095238095
0.75
0.796875
0.4375
0.25
0.28125
0.0
0.515625
0.21875
0.296875
0.1875
0.03125
0.1875
0.40625
0.140625
0.03125
0.09375
0.796875
0.734375
0.25
0.140625
0.6875
0.203125
0.171875
0.375
0.28125
0.03125
0.15625
0.53125
0.0
0.1875
0.0
0.09375
0.0
0.34375
0.0625
0.03125
0.296875
0.21875
0.0
0.15625
0.125
0.125
0.078125
0.078125
0.296875
0.03125
0.484375
0.4375
0.375
0.171875
0.265625
0.03125
0.328125
0.234375
0.1875
0.03125
0.671875
0.75
0.0
0.796875
0.7538461538461538
0.8
0.4461538461538462
0.26153846153846155
0.2923076923076923
0.26153846153846155
0.16923076923076924
0.07692307692307693
0.03076923076923077
0.26153846153846155
0.16923076923076924
0.0
0.4153846153846154
0.1076923076923077
0.1076923076923077
0.3384615384615385
0.8
0.7384615384615385
0.26153846153846155
0.07692307692307693
0.6923076923076923
0.4307692307692308
0.27692307692307694
0.38461538461538464
0.27692307692307694
0.06153846153846154
0.06153846153846154
0.06153846153846154
0.0
0.07692307692307693
0.0
0.09230769230769231
0.0
0.06153846153846154
0.2153846153846154
0.2
0.2923076923076923
0.2153846153846154
0.0
0.15384615384615385
0.03076923076923077
0.15384615384615385
0.1076923076923077
0.1076923076923077
0.046153846153846156
0.046153846153846156
0.49230769230769234
0.4461538461538462
0.07692307692307693
0.18461538461538463
0.03076923076923077
0.09230769230769231
0.3384615384615385
0.15384615384615385
0.046153846153846156
0.06153846153846154
0.12307692307692308
0.7538461538461538
0.0
0.8
0.7575757575757576
0.803030303030303
0.30303030303030304
0.5
0.09090909090909091
0.07575757575757576
0.0
0.09090909090909091
0.21212121212121213
0.19696969696969696
0.0
0.09090909090909091
0.09090909090909091
0.15151515151515152
0.13636363636363635
0.3333333333333333
0.803030303030303
0.7424242424242424
0.16666666666666666
0.3333333333333333
0.696969696969697
0.42424242424242425
0.2727272727272727
0.3939393939393939
0.2878787878787879
0.5303030303030303
0.07575757575757576
0.5454545454545454
0.21212121212121213
0.0
0.09090909090909091
0.18181818181818182
0.22727272727272727
0.22727272727272727
0.36363636363636365
0.36363636363636365
0.07575757575757576
0.09090909090909091
0.0
0.42424242424242425
0.09090909090909091
0.15151515151515152
0.07575757575757576
0.21212121212121213
0.07575757575757576
0.3181818181818182
0.07575757575757576
0.22727272727272727
0.3787878787878788
0.22727272727272727
0.0
0.2878787878787879
0.16666666666666666
0.07575757575757576
0.48484848484848486
0.6363636363636364
0.6818181818181818
0.7575757575757576
0.0
0.803030303030303
0.7611940298507462
0.8059701492537313
0.29850746268656714
0.4925373134328358
0.208955223880597
0.13432835820895522
0.5223880597014925
0.26865671641791045
0.0
0.0
0.22388059701492538
0.13432835820895522
0.07462686567164178
0.14925373134328357
0.13432835820895522
0.208955223880597
0.8059701492537313
0.746268656716418
0.14925373134328357
0.14925373134328357
0.07462686567164178
0.16417910447761194
0.208955223880597
0.208955223880597
0.208955223880597
0.5223880597014925
0.3283582089552239
0.5373134328358209
0.07462686567164178
0.208955223880597
0.0
0.3283582089552239
0.0
0.22388059701492538
0.3582089552238806
0.3582089552238806
0.31343283582089554
0.1791044776119403
0.07462686567164178
0.22388059701492538
0.2537313432835821
0.14925373134328357
0.13432835820895522
0.13432835820895522
0.0
0.07462686567164178
0.08955223880597014
0.07462686567164178
0.07462686567164178
0.07462686567164178
0.2537313432835821
0.2835820895522388
0.1791044776119403
0.2537313432835821
0.47761194029850745
0.6268656716417911
0.6716417910447762
0.7611940298507462
0.0
0.8059701492537313
0.7647058823529411
0.8088235294117647
0.45588235294117646
0.5
0.20588235294117646
0.1323529411764706
0.5147058823529411
0.14705882352941177
0.3088235294117647
0.2647058823529412
0.058823529411764705
0.058823529411764705
0.4264705882352941
0.0
0.11764705882352941
0.35294117647058826
0.8088235294117647
0.058823529411764705
0.10294117647058823
0.0
0.058823529411764705
0.058823529411764705
0.058823529411764705
0.20588235294117646
0.20588235294117646
0.5294117647058824
0.3235294117647059
0.5441176470588235
0.058823529411764705
0.20588235294117646
0.0
0.3235294117647059
0.0
0.35294117647058826
0.36764705882352944
0.36764705882352944
0.3088235294117647
0.17647058823529413
0.058823529411764705
0.058823529411764705
0.25
0.19117647058823528
0.1323529411764706
0.22058823529411764
0.0
0.3235294117647059
0.5
0.45588235294117646
0.25
0.19117647058823528
0.25
0.14705882352941177
0.17647058823529413
0.1323529411764706
0.4852941176470588
0.6323529411764706
0.6764705882352942
0.7647058823529411
0.0
0.8088235294117647
0.7681159420289855
0.8115942028985508
0.3188405797101449
0.5072463768115942
0.10144927536231885
0.2608695652173913
0.043478260869565216
0.0
0.014492753623188406
0.11594202898550725
0.17391304347826086
0.18840579710144928
0.0
0.028985507246376812
0.14492753623188406
0.014492753623188406
0.8115942028985508
0.7536231884057971
0.10144927536231885
0.3333333333333333
0.6956521739130435
0.43478260869565216
0.2898550724637681
0.4057971014492754
0.30434782608695654
0.5362318840579711
0.3333333333333333
0.014492753623188406
0.2028985507246377
0.0
0.08695652173913043
0.3333333333333333
0.2318840579710145
0.2318840579710145
0.37681159420289856
0.37681159420289856
0.08695652173913043
0.014492753623188406
0.0
0.42028985507246375
0.043478260869565216
0.18840579710144928
0.13043478260869565
0.21739130434782608
0.30434782608695654
0.057971014492753624
0.4927536231884058
0.08695652173913043
0.37681159420289856
0.2318840579710145
0.0
0.057971014492753624
0.014492753623188406
0.2608695652173913
0.4927536231884058
0.014492753623188406
0.13043478260869565
0.7681159420289855
0.0
0.8115942028985508
0.7714285714285715
0.8142857142857143
0.3142857142857143
0.5142857142857142
0.22857142857142856
0.12857142857142856
0.5285714285714286
0.2714285714285714
0.21428571428571427
0.11428571428571428
0.22857142857142856
0.12857142857142856
0.0
0.14285714285714285
0.14285714285714285
0.21428571428571427
0.8142857142857143
0.7428571428571429
0.0
0.07142857142857142
0.05714285714285714
0.17142857142857143
0.21428571428571427
0.22857142857142856
0.22857142857142856
0.5428571428571428
0.34285714285714286
0.5571428571428572
0.21428571428571427
0.0
0.0
0.34285714285714286
0.22857142857142856
0.22857142857142856
0.38571428571428573
0.38571428571428573
0.08571428571428572
0.05714285714285714
0.1
0.4142857142857143
0.12857142857142856
0.07142857142857142
0.14285714285714285
0.14285714285714285
0.0
0.32857142857142857
0.07142857142857142
0.22857142857142856
0.37142857142857144
0.22857142857142856
0.2714285714285714
0.3
0.05714285714285714
0.2571428571428571
0.5
0.6428571428571429
0.6857142857142857
0.7714285714285715
0.0
0.8142857142857143
0.7746478873239436
0.8169014084507042
0.4507042253521127
0.2676056338028169
0.29577464788732394
0.2676056338028169
0.16901408450704225
0.22535211267605634
0.18309859154929578
0.11267605633802817
0.056338028169014086
0.1267605633802817
0.4225352112676056
0.15492957746478872
0.0
0.09859154929577464
0.8169014084507042
0.7464788732394366
0.2676056338028169
0.15492957746478872
0.6901408450704225
0.43661971830985913
0.1267605633802817
0.1267605633802817
0.19718309859154928
0.2676056338028169
0.1267605633802817
0.1267605633802817
0.0
0.19718309859154928
0.0
0.07042253521126761
0.0
0.23943661971830985
0.11267605633802817
0.19718309859154928
0.323943661971831
0.22535211267605634
0.0
0.16901408450704225
0.056338028169014086
0.15492957746478872
0.23943661971830985
0.08450704225352113
0.07042253521126761
0.2535211267605634
0.5070422535211268
0.4507042253521127
0.38028169014084506
0.16901408450704225
0.2535211267605634
0.15492957746478872
0.3380281690140845
0.23943661971830985
0.11267605633802817
0.6338028169014085
0.676056338028169
0.7746478873239436
0.0
0.8169014084507042
0.7777777777777778
0.8194444444444444
0.4444444444444444
0.2638888888888889
0.2916666666666667
0.2638888888888889
0.16666666666666666
0.013888888888888888
0.0
0.2638888888888889
0.18055555555555555
0.041666666666666664
0.4166666666666667
0.0
0.09722222222222222
0.3472222222222222
0.8194444444444444
0.75
0.2638888888888889
0.0
0.6805555555555556
0.4305555555555556
0.125
0.125
0.19444444444444445
0.2638888888888889
0.125
0.125
0.0
0.2222222222222222
0.0
0.18055555555555555
0.0
0.2222222222222222
0.05555555555555555
0.19444444444444445
0.16666666666666666
0.20833333333333334
0.0
0.06944444444444445
0.2638888888888889
0.20833333333333334
0.1111111111111111
0.1111111111111111
0.05555555555555555
0.013888888888888888
0.5
0.4444444444444444
0.08333333333333333
0.19444444444444445
0.041666666666666664
0.05555555555555555
0.3333333333333333
0.2777777777777778
0.5138888888888888
0.6388888888888888
0.08333333333333333
0.08333333333333333
0.0
0.06944444444444445
0.136986301369863
0.0821917808219178
0.1780821917808219
0.0547945205479452
0.1780821917808219
0.0547945205479452
0.5205479452054794
0.273972602739726
0.1917808219178082
0.0
0.136986301369863
0.136986301369863
0.0684931506849315
0.136986301369863
0.136986301369863
0.0
0.0136986301369863
0.0136986301369863
0.1643835616438356
0.0
0.684931506849315
0.4383561643835616
0.2191780821917808
0.0
0.0136986301369863
0.547945205479452
0.0821917808219178
0.0273972602739726
0.2054794520547945
0.0
0.0821917808219178
0.0273972602739726
0.1095890410958904
0.0
0.2054794520547945
0.2054794520547945
0.0
0.2328767123287671
0.136986301369863
0.0136986301369863
0.0821917808219178
0.1506849315068493
0.136986301369863
0.0
0.3013698630136986
0.0547945205479452
0.0136986301369863
0.2328767123287671
0.2465753424657534
0.136986301369863
0.2602739726027397
0.0821917808219178
0.136986301369863
0.1506849315068493
0.1780821917808219
0.0
0.0821917808219178
0.0821917808219178
0.0
0.0684931506849315
0.7837837837837838
0.8243243243243243
0.4594594594594595
0.5135135135135135
0.22972972972972974
0.14864864864864866
0.5135135135135135
0.14864864864864866
0.2972972972972973
0.2702702702702703
0.06756756756756757
0.06756756756756757
0.43243243243243246
0.0
0.12162162162162163
0.35135135135135137
0.8243243243243243
0.06756756756756757
0.10810810810810811
0.0
0.06756756756756757
0.06756756756756757
0.06756756756756757
0.22972972972972974
0.22972972972972974
0.5405405405405406
0.35135135135135137
0.5405405405405406
0.06756756756756757
0.22972972972972974
0.0
0.35135135135135137
0.0
0.33783783783783783
0.3918918918918919
0.3918918918918919
0.32432432432432434
0.1891891891891892
0.06756756756756757
0.08108108108108109
0.2702702702702703
0.21621621621621623
0.16216216216216217
0.22972972972972974
0.0
0.32432432432432434
0.5135135135135135
0.4594594594594595
0.24324324324324326
0.20270270270270271
0.2702702702702703
0.14864864864864866
0.1891891891891892
0.13513513513513514
0.5135135135135135
0.6486486486486487
0.6756756756756757
0.7702702702702703
0.0
0.8108108108108109
0.7733333333333333
0.8133333333333334
0.4533333333333333
0.28
0.30666666666666664
0.28
0.18666666666666668
0.22666666666666666
0.2
0.0
0.18666666666666668
0.13333333333333333
0.4266666666666667
0.10666666666666667
0.06666666666666667
0.3466666666666667
0.8133333333333334
0.7466666666666667
0.17333333333333334
0.06666666666666667
0.6933333333333334
0.4533333333333333
0.14666666666666667
0.14666666666666667
0.21333333333333335
0.28
0.14666666666666667
0.14666666666666667
0.0
0.22666666666666666
0.0
0.18666666666666668
0.0
0.22666666666666666
0.06666666666666667
0.22666666666666666
0.17333333333333334
0.21333333333333335
0.0
0.21333333333333335
0.26666666666666666
0.21333333333333335
0.12
0.12
0.06666666666666667
0.25333333333333335
0.5066666666666667
0.4533333333333333
0.38666666666666666
0.06666666666666667
0.09333333333333334
0.16
0.3466666666666667
0.28
0.5066666666666667
0.64
0.6666666666666666
0.76
0.0
0.8
0.7763157894736842
0.8157894736842105
0.4605263157894737
0.27631578947368424
0.3026315789473684
0.27631578947368424
0.18421052631578946
0.07894736842105263
0.039473684210526314
0.27631578947368424
0.18421052631578946
0.0
0.4342105263157895
0.10526315789473684
0.13157894736842105
0.35526315789473684
0.8157894736842105
0.7368421052631579
0.27631578947368424
0.07894736842105263
0.6842105263157895
0.4473684210526316
0.27631578947368424
0.3815789473684211
0.2894736842105263
0.06578947368421052
0.06578947368421052
0.06578947368421052
0.0
0.07894736842105263
0.0
0.09210526315789473
0.0
0.06578947368421052
0.21052631578947367
0.2236842105263158
0.32894736842105265
0.23684210526315788
0.0
0.17105263157894737
0.039473684210526314
0.15789473684210525
0.11842105263157894
0.11842105263157894
0.06578947368421052
0.06578947368421052
0.5131578947368421
0.4605263157894737
0.09210526315789473
0.21052631578947367
0.05263157894736842
0.09210526315789473
0.34210526315789475
0.15789473684210525
0.05263157894736842
0.06578947368421052
0.13157894736842105
0.7631578947368421
0.0
0.8026315789473685
0.7792207792207793
0.8181818181818182
0.3116883116883117
0.5064935064935064
0.23376623376623376
0.12987012987012986
0.5194805194805194
0.2727272727272727
0.2077922077922078
0.11688311688311688
0.22077922077922077
0.012987012987012988
0.03896103896103896
0.0
0.012987012987012988
0.2077922077922078
0.8181818181818182
0.7402597402597403
0.18181818181818182
0.07792207792207792
0.0
0.16883116883116883
0.22077922077922077
0.23376623376623376
0.23376623376623376
0.5454545454545454
0.35064935064935066
0.5324675324675324
0.2077922077922078
0.0
0.07792207792207792
0.35064935064935066
0.23376623376623376
0.33766233766233766
0.38961038961038963
0.38961038961038963
0.1038961038961039
0.09090909090909091
0.0
0.4025974025974026
0.06493506493506493
0.07792207792207792
0.23376623376623376
0.07792207792207792
0.0
0.3246753246753247
0.07792207792207792
0.23376623376623376
0.38961038961038963
0.23376623376623376
0.2727272727272727
0.2857142857142857
0.15584415584415584
0.14285714285714285
0.5194805194805194
0.6493506493506493
0.6753246753246753
0.7662337662337663
0.0
0.8051948051948052
0.782051282051282
0.8205128205128205
0.47435897435897434
0.01282051282051282
0.32051282051282054
0.2948717948717949
0.02564102564102564
0.01282051282051282
0.01282051282051282
0.08974358974358974
0.21794871794871795
0.08974358974358974
0.038461538461538464
0.02564102564102564
0.0
0.10256410256410256
0.8205128205128205
0.7435897435897436
0.01282051282051282
0.3076923076923077
0.01282051282051282
0.16666666666666666
0.21794871794871795
0.07692307692307693
0.2948717948717949
0.07692307692307693
0.07692307692307693
0.07692307692307693
0.0
0.0
0.07692307692307693
0.07692307692307693
0.0
0.07692307692307693
0.11538461538461539
0.24358974358974358
0.3333333333333333
0.24358974358974358
0.0
0.1794871794871795
0.1282051282051282
0.01282051282051282
0.23076923076923078
0.08974358974358974
0.07692307692307693
0.02564102564102564
0.5256410256410257
0.47435897435897434
0.10256410256410256
0.21794871794871795
0.2564102564102564
0.16666666666666666
0.358974358974359
0.16666666666666666
0.11538461538461539
0.07692307692307693
0.14102564102564102
0.7692307692307693
0.0
0.8076923076923077
0.7848101265822784
0.8227848101265823
0.31645569620253167
0.5063291139240507
0.24050632911392406
0.1518987341772152
0.5189873417721519
0.27848101265822783
0.0
0.0
0.22784810126582278
0.12658227848101267
0.0759493670886076
0.1518987341772152
0.13924050632911392
0.21518987341772153
0.8227848101265823
0.7468354430379747
0.13924050632911392
0.13924050632911392
0.0759493670886076
0.17721518987341772
0.22784810126582278
0.24050632911392406
0.24050632911392406
0.5443037974683544
0.35443037974683544
0.5316455696202531
0.0759493670886076
0.24050632911392406
0.0
0.35443037974683544
0.0
0.24050632911392406
0.3924050632911392
0.3924050632911392
0.3291139240506329
0.189873417721519
0.0759493670886076
0.21518987341772153
0.27848101265822783
0.1518987341772152
0.13924050632911392
0.13924050632911392
0.0
0.0759493670886076
0.08860759493670886
0.0759493670886076
0.0759493670886076
0.0759493670886076
0.27848101265822783
0.2911392405063291
0.189873417721519
0.27848101265822783
0.5189873417721519
0.6455696202531646
0.6708860759493671
0.7721518987341772
0.0
0.810126582278481
0.7875
0.825
0.475
0.5
0.2375
0.15
0.5125
0.15
0.2875
0.275
0.075
0.075
0.4375
0.0
0.1375
0.3625
0.825
0.075
0.1125
0.0
0.075
0.075
0.075
0.2375
0.2375
0.5375
0.35
0.525
0.075
0.2375
0.0
0.35
0.0
0.3375
0.3875
0.3875
0.3375
0.1875
0.075
0.0875
0.275
0.225
0.1625
0.225
0.0
0.325
0.525
0.475
0.25
0.225
0.275
0.15
0.1875
0.15
0.5125
0.6375
0.6625
0.775
0.0
0.8125
0.7901234567901234
0.8271604938271605
0.4691358024691358
0.2839506172839506
0.32098765432098764
0.08641975308641975
0.5185185185185185
0.2222222222222222
0.2839506172839506
0.2716049382716049
0.12345679012345678
0.0
0.43209876543209874
0.14814814814814814
0.09876543209876543
0.1111111111111111
0.8271604938271605
0.7530864197530864
0.2716049382716049
0.14814814814814814
0.6666666666666666
0.18518518518518517
0.16049382716049382
0.37037037037037035
0.04938271604938271
0.2716049382716049
0.14814814814814814
0.5308641975308642
0.0
0.18518518518518517
0.0
0.09876543209876543
0.0
0.3333333333333333
0.06172839506172839
0.08641975308641975
0.1728395061728395
0.20987654320987653
0.0
0.3950617283950617
0.08641975308641975
0.16049382716049382
0.08641975308641975
0.08641975308641975
0.2839506172839506
0.24691358024691357
0.5185185185185185
0.4691358024691358
0.24691358024691357
0.04938271604938271
0.08641975308641975
0.09876543209876543
0.35802469135802467
0.2222222222222222
0.08641975308641975
0.6419753086419753
0.6666666666666666
0.7777777777777778
0.0
0.8148148148148148
0.7926829268292683
0.8292682926829268
0.47560975609756095
0.2804878048780488
0.3170731707317073
0.2926829268292683
0.1951219512195122
0.21951219512195122
0.1951219512195122
0.0
0.1951219512195122
0.13414634146341464
0.43902439024390244
0.12195121951219512
0.07317073170731707
0.36585365853658536
0.8292682926829268
0.7439024390243902
0.18292682926829268
0.07317073170731707
0.6585365853658537
0.43902439024390244
0.14634146341463414
0.14634146341463414
0.2073170731707317
0.2682926829268293
0.14634146341463414
0.14634146341463414
0.0
0.25609756097560976
0.0
0.18292682926829268
0.0
0.21951219512195122
0.07317073170731707
0.24390243902439024
0.17073170731707318
0.2073170731707317
0.0
0.21951219512195122
0.2926829268292683
0.23170731707317074
0.13414634146341464
0.13414634146341464
0.07317073170731707
0.24390243902439024
0.524390243902439
0.47560975609756095
0.3780487804878049
0.07317073170731707
0.0975609756097561
0.17073170731707318
0.35365853658536583
0.2804878048780488
0.524390243902439
0.6463414634146342
0.6707317073170732
0.7804878048780488
0.0
0.8170731707317073
0.012048192771084338
0.8313253012048193
0.1686746987951807
0.5060240963855421
0.1686746987951807
0.2891566265060241
0.012048192771084338
0.024096385542168676
0.30120481927710846
0.1686746987951807
0.1927710843373494
0.1686746987951807
0.08433734939759036
0.03614457831325301
0.13253012048192772
0.04819277108433735
0.8313253012048193
0.7469879518072289
0.0
0.0
0.6626506024096386
0.012048192771084338
0.26506024096385544
0.08433734939759036
0.20481927710843373
0.5421686746987951
0.08433734939759036
0.0
0.1927710843373494
0.0
0.08433734939759036
0.03614457831325301
0.10843373493975904
0.24096385542168675
0.20481927710843373
0.14457831325301204
0.012048192771084338
0.21686746987951808
0.0963855421686747
0.39759036144578314
0.13253012048192772
0.012048192771084338
0.24096385542168675
0.012048192771084338
0.2891566265060241
0.024096385542168676
0.0963855421686747
0.03614457831325301
0.10843373493975904
0.2289156626506024
0.012048192771084338
0.060240963855421686
0.1566265060240964
0.060240963855421686
0.5180722891566265
0.0
0.14457831325301204
0.0
0.012048192771084338
0.8192771084337349
0.7976190476190477
0.8333333333333334
0.4880952380952381
0.2976190476190476
0.3333333333333333
0.2976190476190476
0.20238095238095238
0.023809523809523808
0.011904761904761904
0.2857142857142857
0.20238095238095238
0.047619047619047616
0.4523809523809524
0.011904761904761904
0.10714285714285714
0.36904761904761907
0.8333333333333334
0.75
0.27380952380952384
0.0
0.6666666666666666
0.44047619047619047
0.15476190476190477
0.15476190476190477
0.21428571428571427
0.2857142857142857
0.15476190476190477
0.15476190476190477
0.0
0.2619047619047619
0.0
0.19047619047619047
0.0
0.2261904761904762
0.07142857142857142
0.25
0.19047619047619047
0.2261904761904762
0.0
0.09523809523809523
0.2976190476190476
0.23809523809523808
0.14285714285714285
0.14285714285714285
0.07142857142857142
0.023809523809523808
0.5357142857142857
0.4880952380952381
0.10714285714285714
0.2261904761904762
0.05952380952380952
0.05952380952380952
0.36904761904761907
0.2857142857142857
0.5238095238095238
0.6547619047619048
0.09523809523809523
0.09523809523809523
0.0
0.07142857142857142
0.788235294117647
0.8352941176470589
0.3058823529411765
0.5058823529411764
0.24705882352941178
0.12941176470588237
0.5176470588235295
0.27058823529411763
0.2
0.11764705882352941
0.23529411764705882
0.023529411764705882
0.058823529411764705
0.0
0.023529411764705882
0.21176470588235294
0.8352941176470589
0.7529411764705882
0.18823529411764706
0.08235294117647059
0.0
0.18823529411764706
0.23529411764705882
0.24705882352941178
0.24705882352941178
0.5411764705882353
0.35294117647058826
0.5294117647058824
0.2
0.0
0.09411764705882353
0.35294117647058826
0.2235294117647059
0.3411764705882353
0.38823529411764707
0.38823529411764707
0.10588235294117647
0.09411764705882353
0.0
0.4
0.07058823529411765
0.08235294117647059
0.24705882352941178
0.08235294117647059
0.0
0.3176470588235294
0.08235294117647059
0.2235294117647059
0.3764705882352941
0.2235294117647059
0.2823529411764706
0.2823529411764706
0.16470588235294117
0.15294117647058825
0.5294117647058824
0.6470588235294118
0.6705882352941176
0.7764705882352941
0.0
0.8235294117647058
0.7906976744186046
0.8372093023255814
0.3023255813953488
0.5
0.2441860465116279
0.12790697674418605
0.5116279069767442
0.26744186046511625
0.19767441860465115
0.11627906976744186
0.23255813953488372
0.12790697674418605
0.0
0.12790697674418605
0.13953488372093023
0.20930232558139536
0.8372093023255814
0.7558139534883721
0.0
0.08139534883720931
0.05813953488372093
0.18604651162790697
0.23255813953488372
0.2441860465116279
0.2441860465116279
0.5348837209302325
0.3488372093023256
0.5232558139534884
0.19767441860465115
0.0
0.0
0.3488372093023256
0.22093023255813954
0.2441860465116279
0.38372093023255816
0.38372093023255816
0.10465116279069768
0.05813953488372093
0.10465116279069768
0.3953488372093023
0.13953488372093023
0.08139534883720931
0.16279069767441862
0.13953488372093023
0.0
0.313953488372093
0.08139534883720931
0.22093023255813954
0.37209302325581395
0.22093023255813954
0.27906976744186046
0.27906976744186046
0.05813953488372093
0.29069767441860467
0.5348837209302325
0.6511627906976745
0.6627906976744186
0.7674418604651163
0.0
0.813953488372093
0.7931034482758621
0.8390804597701149
0.3103448275862069
0.5057471264367817
0.09195402298850575
0.06896551724137931
0.0
0.08045977011494253
0.20689655172413793
0.1724137931034483
0.0
0.09195402298850575
0.09195402298850575
0.14942528735632185
0.13793103448275862
0.367816091954023
0.8390804597701149
0.7586206896551724
0.19540229885057472
0.28735632183908044
0.6666666666666666
0.4367816091954023
0.26436781609195403
0.3563218390804598
0.27586206896551724
0.5402298850574713
0.06896551724137931
0.5287356321839081
0.20689655172413793
0.0
0.08045977011494253
0.19540229885057472
0.22988505747126436
0.22988505747126436
0.39080459770114945
0.39080459770114945
0.06896551724137931
0.10344827586206896
0.0
0.40229885057471265
0.08045977011494253
0.12643678160919541
0.06896551724137931
0.21839080459770116
0.06896551724137931
0.3218390804597701
0.06896551724137931
0.22988505747126436
0.3793103448275862
0.22988505747126436
0.0
0.28735632183908044
0.1724137931034483
0.06896551724137931
0.5402298850574713
0.6551724137931034
0.6666666666666666
0.7701149425287356
0.0
0.8160919540229885
0.125
0.07954545454545454
0.17045454545454544
0.056818181818181816
0.17045454545454544
0.056818181818181816
0.5227272727272727
0.2840909090909091
0.19318181818181818
0.011363636363636364
0.125
0.13636363636363635
0.06818181818181818
0.125
0.125
0.0
0.022727272727272728
0.022727272727272728
0.19318181818181818
0.0
0.6590909090909091
0.4318181818181818
0.25
0.011363636363636364
0.022727272727272728
0.5454545454545454
0.09090909090909091
0.03409090909090909
0.19318181818181818
0.0
0.09090909090909091
0.045454545454545456
0.11363636363636363
0.011363636363636364
0.20454545454545456
0.25
0.0
0.22727272727272727
0.125
0.022727272727272728
0.07954545454545454
0.1590909090909091
0.13636363636363635
0.011363636363636364
0.2840909090909091
0.056818181818181816
0.022727272727272728
0.23863636363636365
0.25
0.125
0.23863636363636365
0.07954545454545454
0.125
0.1590909090909091
0.1590909090909091
0.0
0.10227272727272728
0.10227272727272728
0.0
0.06818181818181818
0.797752808988764
0.8426966292134831
0.3258426966292135
0.5168539325842697
0.0449438202247191
0.14606741573033707
0.5168539325842697
0.2808988764044944
0.2247191011235955
0.1797752808988764
0.24719101123595505
0.1348314606741573
0.0449438202247191
0.0
0.0
0.2247191011235955
0.8426966292134831
0.7640449438202247
0.0449438202247191
0.1348314606741573
0.6629213483146067
0.43820224719101125
0.2696629213483146
0.3595505617977528
0.2808988764044944
0.550561797752809
0.3595505617977528
0.5393258426966292
0.2247191011235955
0.0
0.10112359550561797
0.3595505617977528
0.24719101123595505
0.33707865168539325
0.4044943820224719
0.4044943820224719
0.07865168539325842
0.0449438202247191
0.0
0.4157303370786517
0.0449438202247191
0.15730337078651685
0.24719101123595505
0.2247191011235955
0.0449438202247191
0.33707865168539325
0.0449438202247191
0.24719101123595505
0.0449438202247191
0.24719101123595505
0.0
0.30337078651685395
0.1797752808988764
0.15730337078651685
0.550561797752809
0.6629213483146067
0.6741573033707865
0.7752808988764045
0.0
0.8202247191011236
0.13333333333333333
0.8333333333333334
0.17777777777777778
0.5111111111111111
0.17777777777777778
0.3
0.2
0.044444444444444446
0.2
0.12222222222222222
0.0
0.0
0.07777777777777778
0.03333333333333333
0.0
0.0
0.0
0.7555555555555555
0.2111111111111111
0.07777777777777778
0.6666666666666666
0.0
0.26666666666666666
0.08888888888888889
0.2222222222222222
0.5555555555555556
0.1
0.044444444444444446
0.2
0.0
0.1
0.07777777777777778
0.12222222222222222
0.3333333333333333
0.05555555555555555
0.0
0.022222222222222223
0.23333333333333334
0.0
0.16666666666666666
0.07777777777777778
0.16666666666666666
0.24444444444444444
0.05555555555555555
0.28888888888888886
0.24444444444444444
0.044444444444444446
0.25555555555555554
0.0
0.13333333333333333
0.022222222222222223
0.08888888888888889
0.17777777777777778
0.06666666666666667
0.5444444444444444
0.0
0.14444444444444443
0.0
0.0
0.8111111111111111
0.13186813186813187
0.0
0.17582417582417584
0.06593406593406594
0.17582417582417584
0.06593406593406594
0.5274725274725275
0.2967032967032967
0.1978021978021978
0.12087912087912088
0.13186813186813187
0.12087912087912088
0.07692307692307693
0.13186813186813187
0.13186813186813187
0.3626373626373626
0.04395604395604396
0.04395604395604396
0.26373626373626374
0.2857142857142857
0.6703296703296703
0.04395604395604396
0.27472527472527475
0.08791208791208792
0.21978021978021978
0.5604395604395604
0.0989010989010989
0.0
0.1978021978021978
0.0
0.0989010989010989
0.04395604395604396
0.12087912087912088
0.04395604395604396
0.2087912087912088
0.04395604395604396
0.0
0.23076923076923078
0.13186813186813187
0.04395604395604396
0.07692307692307693
0.04395604395604396
0.14285714285714285
0.04395604395604396
0.2857142857142857
0.06593406593406594
0.04395604395604396
0.04395604395604396
0.04395604395604396
0.13186813186813187
0.24175824175824176
0.06593406593406594
0.13186813186813187
0.06593406593406594
0.16483516483516483
0.0
0.04395604395604396
0.04395604395604396
0.0
0.07692307692307693
0.14130434782608695
0.08695652173913043
0.18478260869565216
0.0
0.18478260869565216
0.06521739130434782
0.06521739130434782
0.08695652173913043
0.2826086956521739
0.2717391304347826
0.13043478260869565
0.15217391304347827
0.08695652173913043
0.13043478260869565
0.13043478260869565
0.358695652173913
0.03260869565217391
0.03260869565217391
0.10869565217391304
0.14130434782608695
0.6739130434782609
0.44565217391304346
0.25
0.06521739130434782
0.03260869565217391
0.5652173913043478
0.10869565217391304
0.0
0.20652173913043478
0.0
0.10869565217391304
0.05434782608695652
0.13043478260869565
0.010869565217391304
0.20652173913043478
0.14130434782608695
0.08695652173913043
0.06521739130434782
0.13043478260869565
0.03260869565217391
0.08695652173913043
0.09782608695652174
0.06521739130434782
0.010869565217391304
0.29347826086956524
0.0
0.03260869565217391
0.2717391304347826
0.25
0.14130434782608695
0.2391304347826087
0.09782608695652174
0.13043478260869565
0.16304347826086957
0.16304347826086957
0.0
0.10869565217391304
0.10869565217391304
0.0
0.07608695652173914
0.7741935483870968
0.8279569892473119
0.45161290322580644
0.27956989247311825
0.3118279569892473
0.3010752688172043
0.20430107526881722
0.21505376344086022
0.21505376344086022
0.11827956989247312
0.053763440860215055
0.12903225806451613
0.41935483870967744
0.13978494623655913
0.0
0.08602150537634409
0.8172043010752689
0.7526881720430108
0.26881720430107525
0.13978494623655913
0.6774193548387096
0.44086021505376344
0.15053763440860216
0.15053763440860216
0.23655913978494625
0.26881720430107525
0.15053763440860216
0.15053763440860216
0.0
0.17204301075268819
0.0
0.07526881720430108
0.0
0.23655913978494625
0.10752688172043011
0.24731182795698925
0.3118279569892473
0.24731182795698925
0.0
0.17204301075268819
0.053763440860215055
0.13978494623655913
0.25806451612903225
0.08602150537634409
0.07526881720430108
0.24731182795698925
0.4946236559139785
0.45161290322580644
0.3763440860215054
0.13978494623655913
0.24731182795698925
0.16129032258064516
0.34408602150537637
0.20430107526881722
0.10752688172043011
0.6451612903225806
0.6559139784946236
0.7526881720430108
0.0
0.8064516129032258
0.7659574468085106
0.8191489361702128
0.44680851063829785
0.2765957446808511
0.30851063829787234
0.2978723404255319
0.20212765957446807
0.05319148936170213
0.02127659574468085
0.2765957446808511
0.20212765957446807
0.05319148936170213
0.4148936170212766
0.02127659574468085
0.10638297872340426
0.3723404255319149
0.8085106382978723
0.7446808510638298
0.26595744680851063
0.0
0.6808510638297872
0.44680851063829785
0.14893617021276595
0.14893617021276595
0.23404255319148937
0.26595744680851063
0.14893617021276595
0.14893617021276595
0.0
0.24468085106382978
0.0
0.19148936170212766
0.0
0.22340425531914893
0.07446808510638298
0.24468085106382978
0.18085106382978725
0.22340425531914893
0.0
0.09574468085106383
0.2765957446808511
0.22340425531914893
0.13829787234042554
0.13829787234042554
0.07446808510638298
0.0425531914893617
0.48936170212765956
0.44680851063829785
0.11702127659574468
0.22340425531914893
0.06382978723404255
0.07446808510638298
0.3404255319148936
0.2765957446808511
0.5425531914893617
0.6382978723404256
0.11702127659574468
0.11702127659574468
0.0
0.09574468085106383
0.15789473684210525
0.0
0.2
0.07368421052631578
0.2
0.07368421052631578
0.5157894736842106
0.29473684210526313
0.22105263157894736
0.1368421052631579
0.14736842105263157
0.12631578947368421
0.10526315789473684
0.14736842105263157
0.14736842105263157
0.3684210526315789
0.05263157894736842
0.05263157894736842
0.2736842105263158
0.28421052631578947
0.6842105263157895
0.05263157894736842
0.28421052631578947
0.10526315789473684
0.24210526315789474
0.5684210526315789
0.12631578947368421
0.0
0.22105263157894736
0.0
0.12631578947368421
0.05263157894736842
0.14736842105263157
0.05263157894736842
0.22105263157894736
0.05263157894736842
0.0
0.25263157894736843
0.14736842105263157
0.05263157894736842
0.09473684210526316
0.05263157894736842
0.14736842105263157
0.05263157894736842
0.30526315789473685
0.07368421052631578
0.05263157894736842
0.05263157894736842
0.05263157894736842
0.15789473684210525
0.2631578947368421
0.07368421052631578
0.14736842105263157
0.08421052631578947
0.17894736842105263
0.0
0.05263157894736842
0.05263157894736842
0.0
0.09473684210526316
0.7708333333333334
0.8229166666666666
0.4583333333333333
0.2916666666666667
0.3229166666666667
0.08333333333333333
0.5104166666666666
0.21875
0.28125
0.28125
0.11458333333333333
0.0
0.4270833333333333
0.14583333333333334
0.11458333333333333
0.10416666666666667
0.8125
0.75
0.28125
0.14583333333333334
0.6875
0.16666666666666666
0.14583333333333334
0.34375
0.052083333333333336
0.28125
0.13541666666666666
0.5104166666666666
0.0
0.17708333333333334
0.0
0.09375
0.0
0.3333333333333333
0.08333333333333333
0.08333333333333333
0.1875
0.22916666666666666
0.0
0.3958333333333333
0.08333333333333333
0.17708333333333334
0.08333333333333333
0.08333333333333333
0.3020833333333333
0.25
0.5
0.4583333333333333
0.25
0.052083333333333336
0.08333333333333333
0.09375
0.3541666666666667
0.20833333333333334
0.08333333333333333
0.6458333333333334
0.6458333333333334
0.7395833333333334
0.0
0.7916666666666666
0.7628865979381443
0.8144329896907216
0.4536082474226804
0.4948453608247423
0.0
0.08247422680412371
0.5154639175257731
0.13402061855670103
0.27835051546391754
0.27835051546391754
0.1134020618556701
0.061855670103092786
0.422680412371134
0.12371134020618557
0.1134020618556701
0.05154639175257732
0.8041237113402062
0.7422680412371134
0.08247422680412371
0.28865979381443296
0.6907216494845361
0.16494845360824742
0.14432989690721648
0.3402061855670103
0.030927835051546393
0.27835051546391754
0.13402061855670103
0.5051546391752577
0.0
0.17525773195876287
0.0
0.08247422680412371
0.0
0.32989690721649484
0.030927835051546393
0.08247422680412371
0.18556701030927836
0.2268041237113402
0.0
0.3917525773195876
0.08247422680412371
0.12371134020618557
0.25773195876288657
0.030927835051546393
0.030927835051546393
0.24742268041237114
0.4948453608247423
0.4536082474226804
0.030927835051546393
0.14432989690721648
0.08247422680412371
0.13402061855670103
0.35051546391752575
0.20618556701030927
0.08247422680412371
0.6391752577319587
0.6391752577319587
0.7319587628865979
0.0
0.7835051546391752
0.7653061224489796
0.8163265306122449
0.30612244897959184
0.4897959183673469
0.05102040816326531
0.14285714285714285
0.5204081632653061
0.29591836734693877
0.21428571428571427
0.17346938775510204
0.23469387755102042
0.15306122448979592
0.05102040816326531
0.0
0.0
0.21428571428571427
0.8061224489795918
0.7448979591836735
0.05102040816326531
0.14285714285714285
0.6938775510204082
0.4489795918367347
0.2857142857142857
0.3469387755102041
0.2653061224489796
0.5612244897959183
0.336734693877551
0.5102040816326531
0.21428571428571427
0.0
0.10204081632653061
0.336734693877551
0.23469387755102042
0.336734693877551
0.37755102040816324
0.37755102040816324
0.09183673469387756
0.05102040816326531
0.0
0.3979591836734694
0.05102040816326531
0.1836734693877551
0.25510204081632654
0.21428571428571427
0.05102040816326531
0.3163265306122449
0.061224489795918366
0.2653061224489796
0.05102040816326531
0.23469387755102042
0.0
0.2857142857142857
0.1836734693877551
0.15306122448979592
0.5306122448979592
0.6428571428571429
0.6428571428571429
0.7346938775510204
0.0
0.7857142857142857
0.16161616161616163
0.09090909090909091
0.20202020202020202
0.08080808080808081
0.20202020202020202
0.08080808080808081
0.5252525252525253
0.29292929292929293
0.2222222222222222
0.020202020202020204
0.15151515151515152
0.15151515151515152
0.1111111111111111
0.15151515151515152
0.15151515151515152
0.0
0.04040404040404041
0.04040404040404041
0.20202020202020202
0.0
0.696969696969697
0.4444444444444444
0.24242424242424243
0.020202020202020204
0.04040404040404041
0.5555555555555556
0.13131313131313133
0.050505050505050504
0.2222222222222222
0.0
0.13131313131313133
0.06060606060606061
0.15151515151515152
0.020202020202020204
0.2222222222222222
0.25252525252525254
0.0
0.25252525252525254
0.15151515151515152
0.04040404040404041
0.09090909090909091
0.18181818181818182
0.15151515151515152
0.020202020202020204
0.31313131313131315
0.08080808080808081
0.04040404040404041
0.26262626262626265
0.25252525252525254
0.16161616161616163
0.26262626262626265
0.10101010101010101
0.15151515151515152
0.16161616161616163
0.18181818181818182
0.0
0.12121212121212122
0.12121212121212122
0.0
0.0707070707070707
0.77
0.82
0.46
0.5
0.0
0.1
0.53
0.14
0.29
0.29
0.13
0.07
0.43
0.13
0.13
0.06
0.81
0.75
0.09
0.29
0.7
0.18
0.16
0.36
0.04
0.29
0.15
0.52
0.0
0.19
0.0
0.09
0.0
0.35
0.04
0.1
0.2
0.24
0.0
0.41
0.1
0.13
0.27
0.04
0.04
0.26
0.5
0.46
0.04
0.15
0.1
0.14
0.36
0.22
0.1
0.65
0.65
0.74
0.0
0.79
