0.36830714848879736
0.28700610413856775
0.34056068595622035
0.3447058573072882
0.5687422347683301
0.48423399752425694
0.591614663951454
0.3270415104131018
0.43578490817440635
0.4953236340760674
0.4515192934698072
0.33357233215275567
0.39575762612023835
0.33133030104913863
0.6200451429284
0.8971889162216993
0.3243366336990804
0.39597296419559824
0.5829142636894259
0.37057285913873744
0.3668419714458049
0.5461305921312644
0.4082958039243782
0.4338909469774152
0.41240990809878125
0.4739984413110076
0.2982181260076712
0.3479498904656579
0.6962214995399952
0.2870132625801566
1.2840101606681946
0.3833234976764208
0.44953273631181045
1.103085864036345
1.5082546069756861
0.4488231116147293
0.28807258827839904
0.30577755420745373
1.3995588130143495
0.3508573547442035
0.30439246401965153
0.44122644586660753
0.46369998468461926
0.36342326740455944
1.3913017931922373
0.38493921356695077
0.39634407037556835
0.42797171519747107
0.5095428820171062
1.1135396258097652
0.3631569097996876
0.3854201101601803
1.0439242385273155
0.3508408959616488
0.35943534247739173
0.3655963760091766
0.7580437753296078
0.4288305672275494
0.4466446829256531
0.36941961090345077
0.43990337899627696
1.4681590329794527
0.48354738518899254
0.4343495522945009
0.4286315762678191
1.125563657566476
0.2982602784543983
1.044304859636378
0.4076408281710783
0.6016081896381809
0.3316325110986028
0.31636604145770436
0.2895979389335536
0.3278964847716017
0.36363579275897595
0.4583023946689404
0.3640835352463975
0.5490580793273461
0.3989729002906068
0.399694474029146
1.4165295618169809
0.4771719993789011
0.46120043729722054
0.36831223998512913
0.40160888908286246
0.29759169947499636
0.2915620965175594
0.4750636706721244
0.3440237823549484
0.3438274501241552
0.2693771416828757
0.3502001776437597
0.5359183613815192
0.38281111961137276
0.35016959221521904
0.3448243175188104
0.35770337077103004
0.3747129229998219
0.48603432837577304
0.5442083599898886
