- - - 4 
1 15 1 1
7 15 6 4
2 16 2 2
15 16 1 1
16 17 2 2
17 15 2 2
4 5 4 3
16 5 1 1
3 17 3 3
1 15 1 1
- - - 2 
15 5 2 2
15 16 1 1
15 17 6 4
6 15 5 4
17 5 3 3
2 16 2 2
16 5 1 1
16 17 2 2
1 15 1 1
15 16 1 1
3 17 3 3
16 5 1 1
15 16 5 4
17 5 3 3
17 5 6 4
16 5 5 4
17 15 2 2
15 5 2 2
4 5 4 3
2 16 2 2
16 17 2 2
1 15 1 1
17 15 2 2
15 16 1 1
- - - 4 
16 5 1 1
7 15 6 4
6 15 5 4
1 15 1 1
15 5 2 2
3 17 3 3
15 17 6 4
17 5 6 4
- - - 4 
15 16 1 1
- - - 1 
15 16 5 4
16 5 1 1
2 16 2 2
1 15 1 1
16 5 5 4
17 5 3 3
16 17 2 2
4 5 4 3
17 15 2 2
15 16 1 1
15 5 2 2
16 5 1 1
