0.12508445878329322
0.12027172256230699
0.13488460653833054
0.14008790509520255
0.12723728470247103
0.12247503967519875
0.13848280990622816
0.1465751289902657
0.1663702491921815
0.1370392817563782
0.15510217631828818
0.15723528315245233
0.14477015921321723
0.13693086601162857
0.1367913203283122
0.11855709185935834
0.13950299251349624
0.11011362733254854
0.12218490886665115
0.1309134452212867
0.12009560481560223
0.1775182428124081
0.11065116361402416
0.14553234566665427
0.13586515706934513
0.13601157687792834
0.14397955390268546
0.11142954575006969
0.12940815662237368
0.13487840526489642
0.12439968374036263
0.1217375939908415
0.1416634584967216
0.1142351777337216
0.14167043376225988
0.15538596416872397
0.12471366598761263
0.17082101295982127
0.12897495832333394
0.1284878642052932
0.1532779103535887
0.12541846309475807
0.1147241541251619
0.12503903323186671
0.1458251292586248
0.11351670751098923
0.1344834170579342
0.13627005480478685
0.15437039692121332
0.12554637854808245
0.13405012972423047
0.12895480027539602
0.13586308371921743
0.17245292160424475
0.1310186716832816
0.14627483115068368
0.15371527320458298
0.10362617660561954
0.14448705677722068
0.1307654103142549
0.14017317546444
0.14034193845202225
0.12517250135085306
0.108125578682718
0.11877672575218126
0.11098174066706613
0.12785379650090464
0.1093139707983924
0.12172206495059724
0.16736404402811106
0.09709172429943945
0.12607461723485253
0.1890592798046258
0.12487813337325197
0.12281182799452334
0.13908071931591914
0.13888758272448595
0.12229404174100648
0.1238601910299471
0.12201981930298199
0.11817662126834852
0.15381996518249724
0.15188263696922377
0.15540218093133495
0.1369506526075484
0.12004051667246163
0.14734977309039798
0.12924838497587018
0.17344246858448847
0.11677053923388592
0.13301874865543858
0.13250396483371385
0.10902318583671608
0.12436734051504184
0.12382452715803044
0.129717496511975
0.14964661410286226
0.16302255093254162
0.15951116453634692
0.12610823486209674
