1 11 1 1
8 10 3 2
11 12 1 1
7 5 2 2
12 13 1 1
13 14 1 1
10 5 3 2
12 15 4 3
14 5 1 1
14 15 5 3
15 5 4 3
1 11 1 1
11 12 1 1
12 13 1 1
15 5 5 3
8 10 3 2
13 14 1 1
- - - 1 
7 5 2 2
14 5 1 1
1 11 1 1
11 12 1 1
- - - 2 
12 13 1 1
13 14 1 1
12 15 4 3
15 5 4 3
14 5 1 1
14 15 5 3
10 5 3 2
1 11 1 1
- - - 1 
- - - 3 
11 12 1 1
12 13 1 1
8 10 3 2
- - - 1 
13 14 1 1
15 5 5 3
14 5 1 1
1 11 1 1
11 12 1 1
12 13 1 1
7 5 2 2
10 5 3 2
12 15 4 3
- - - 3 
13 14 1 1
14 5 1 1
8 10 3 2
15 5 4 3
7 5 2 2
1 11 1 1
11 12 1 1
12 13 1 1
14 15 5 3
13 14 1 1
14 5 1 1
15 5 5 3
10 5 3 2
